ogrn,region,age,B_fixed_assets,B_current_assets,B_accounts_receivable,B_inventories,B_total_equity,B_charter_capital,B_reserve_capital,B_assets,PL_revenue,PL_gross_profit,PL_income_tax,PL_tax_liab,PL_net_profit,PL_reval,CFi_loans,PU_income_activities,ROA,ROE
1020100002394,adygeya,21.0,,,,,,,,,,,,,,,,,,
1110105000686,adygeya,19.0,,,,,,,,,,,,,,,,,,
1120105002720,adygeya,17.0,,,,,,,,,,,,,,,,,,
1090105000150,adygeya,17.0,,,,,,,,,,,,,,,,,,
1170105000152,adygeya,17.0,,,,,,,,,,,,,,,,,,
1060101004149,adygeya,5.0,10.0,425.0,25.0,400.0,45.0,,,435.0,3240.0,,-18.0,,35.0,,,,0.08045977011494253,0.7777777777777778
1020100508317,adygeya,18.0,530.0,3222.0,1537.0,1684.0,3751.0,,,3752.0,9995.0,,-30.0,,1044.0,,,,0.27825159914712155,0.27832577979205547
1020100509208,adygeya,13.0,5808.0,6145.0,2254.0,3891.0,-27721.0,1465.0,,11953.0,4683.0,-3955.0,,,-5156.0,,,,-0.4313561449008617,0.18599617618412034
1020100507041,adygeya,11.0,17520.0,19701.0,4660.0,15026.0,-15107.0,,,37227.0,21163.0,,,,-1683.0,,,,-0.04520912241115319,0.1114053087972463
1020100508801,adygeya,12.0,,8.0,,8.0,8.0,,,8.0,,,,,,,,,,
1020100507393,adygeya,9.0,,,,,,,,,,,,,,,,,,
1020100507822,adygeya,9.0,809.0,125.0,53.0,44.0,166.0,100.0,,934.0,1652.0,-150.0,,,-82.0,,,,-0.08779443254817987,-0.4939759036144578
1060101004138,adygeya,5.0,185.0,599.0,466.0,109.0,766.0,,,784.0,3342.0,,-6.0,,62.0,,,,0.07908163265306123,0.08093994778067885
1020100507063,adygeya,19.0,203367.0,156875.0,95494.0,55387.0,183028.0,15.0,,385742.0,1076914.0,197176.0,-17256.0,3081.0,59175.0,,,,0.1534056441870473,0.32331118735931114
1020100507756,adygeya,11.0,89431.0,58849.0,10044.0,48789.0,62414.0,,,152574.0,55715.0,,,,712.0,,,,0.0046665880163068415,0.011407696991059698
1020100507811,adygeya,11.0,1752.0,2347.0,1723.0,161.0,2693.0,,,4136.0,13961.0,,-133.0,,427.0,,,,0.10323984526112186,0.15855922762718158
1020100507371,adygeya,10.0,112.0,2609.0,731.0,1743.0,-21310.0,26306.0,,118194.0,13.0,-16.0,,,-4573.0,,,,-0.03869062727380408,0.21459408728296575
1020100001778,adygeya,9.0,,,,,,,,,,,,,,,,,,
1020100511166,adygeya,11.0,,,,,,,,,,,,,,,,,,
1020100003527,adygeya,17.0,,,,,,,,,,,,,,,,,,
1030100508206,adygeya,17.0,,,,,,,,,,,,,,,,,,
1020100510198,adygeya,9.0,134441.0,83392.0,4054.0,78813.0,188932.0,36076.0,,225549.0,221780.0,25812.0,-1325.0,,20760.0,,,,0.09204208398175119,0.10988080367539643
1070101000045,adygeya,4.0,10.0,212.0,,212.0,27.0,,,222.0,1113.0,,-26.0,,2.0,,,,0.009009009009009009,0.07407407407407407
1020100508416,adygeya,19.0,,,,,,,,,,,,,,,,,,
1020100507151,adygeya,16.0,410.0,412.0,56.0,354.0,-215.0,186.0,29.0,825.0,6529.0,1933.0,,,2.0,,,,0.0024242424242424242,-0.009302325581395349
1020100508053,adygeya,10.0,193.0,579.0,424.0,154.0,-181.0,270.0,,785.0,3847.0,1526.0,,,135.0,,,,0.17197452229299362,-0.7458563535911602
1070101000056,adygeya,4.0,,,,,,,,,,,,,,,,,,
1020100507613,adygeya,18.0,,,,,,,,,,,,,,,,,,
1070101000067,adygeya,4.0,10.0,290.0,,290.0,231.0,,,300.0,4718.0,,-60.0,,221.0,,,,0.7366666666666667,0.9567099567099567
1020100511463,adygeya,19.0,,,,,,,,,,,,,,,,,,
1070101000078,adygeya,4.0,,,,,,,,,,,,,,,,,,
1070101000089,adygeya,4.0,,,,,,,,,,,,,,,,,,
1070101000090,adygeya,4.0,,,,,,,,,,,,,,,,,,
1070101000111,adygeya,4.0,,,,,,,,,,,,,,,,,,
1070101000155,adygeya,4.0,,107.0,69.0,38.0,70.0,,,107.0,575.0,,-2.0,,17.0,,,,0.1588785046728972,0.24285714285714285
1070101000177,adygeya,4.0,,,,,,,,,,,,,,,,,,
1020100003120,adygeya,10.0,,,,,,,,,,,,,,,,,,
1070101000188,adygeya,4.0,70599.0,78077.0,19192.0,58609.0,87391.0,,,153180.0,110638.0,,,,14315.0,,,,0.09345214779997389,0.16380405304894097
1020100507030,adygeya,11.0,138.0,721.0,300.0,421.0,663.0,,,859.0,6604.0,,-26.0,,571.0,,,,0.6647264260768335,0.861236802413273
1020100507217,adygeya,10.0,,,,,,,,,,,,,,,,,,
1070101000200,adygeya,4.0,10.0,3949.0,2930.0,1019.0,3838.0,,,3959.0,4112.0,,-23.0,,1024.0,,,,0.25865117453902503,0.26680562793121415
1020100508713,adygeya,15.0,,,,,,,,,,,,,,,,,,
1020100510671,adygeya,14.0,,,,,,,,,,,,,,,,,,
1020100507184,adygeya,9.0,1780.0,6429.0,565.0,5719.0,1985.0,,,8209.0,23556.0,,-236.0,,846.0,,,,0.10305761968571081,0.42619647355163726
1020100511310,adygeya,12.0,2687.0,5837.0,776.0,4805.0,5096.0,,,8524.0,53649.0,,-858.0,,274.0,,,,0.0321445330830596,0.05376766091051805
1020100507833,adygeya,12.0,,,,,,,,,,,,,,,,,,
1020100511144,adygeya,12.0,,,,,,,,,,,,,,,,,,
1020100507261,adygeya,12.0,,,,,,,,,,,,,,,,,,
1020100507272,adygeya,11.0,424.0,422.0,,422.0,846.0,,,846.0,4441.0,,-277.0,,26.0,,,,0.030732860520094562,0.030732860520094562
1020100507734,adygeya,11.0,,192.0,27.0,165.0,122.0,,,192.0,1933.0,,-24.0,,-9.0,,,,-0.046875,-0.07377049180327869
1026103719575,rostov,10.0,,,,,,,,,,,,,,,,,,
1020100003846,adygeya,10.0,,,,,,,,,,,,,,,,,,
1020100511419,adygeya,10.0,65175.0,308575.0,97017.0,209494.0,61247.0,,,386956.0,346874.0,,-2845.0,,8098.0,,,,0.020927443947115435,0.13221872091694287
1020100507547,adygeya,10.0,,,,,,,,,,,,,,,,,,
1020100507900,adygeya,10.0,,10710.0,10703.0,,2595.0,,,10930.0,,,,,0.0,,,,0.0,0.0
1020100507074,adygeya,9.0,78083.0,96071.0,18354.0,73706.0,162115.0,,,174154.0,95041.0,,-636.0,,24018.0,,,,0.1379124223388495,0.14815408814730285
1020100507294,adygeya,9.0,68732.0,64196.0,19076.0,44151.0,108855.0,,,140694.0,75044.0,,,,21834.0,,,,0.1551878544927289,0.20057875155022736
1020100507580,adygeya,9.0,,,,,,,,,,,,,,,,,,
1020100004033,adygeya,9.0,,1.0,,,,,,1.0,,,,,,,,,,
1030100507348,adygeya,8.0,,,,,,,,,,,,,,,,,,
1030100507480,adygeya,8.0,,,,,,,,,,,,,,,,,,
1030100508360,adygeya,8.0,,82.0,76.0,,,,12.0,82.0,,,,,,,,,,
1030100508459,adygeya,8.0,,,,,,,,,,,,,,,,,,
1030100508910,adygeya,8.0,,,,,,,,,,,,,,,,,,
1030100510813,adygeya,8.0,,1.0,1.0,,8.0,,,16.0,,,,,,,,,,
1040100507391,adygeya,7.0,,,,,,,,,,,,,,,,,,
1040100508062,adygeya,7.0,96.0,3164.0,,3164.0,3260.0,,,3260.0,9213.0,,-35.0,,1359.0,,,,0.41687116564417176,0.41687116564417176
1040100508194,adygeya,7.0,,,,,,,,,,,,,,,,,,
1040100508579,adygeya,7.0,,,,,,,,,,,,,,,,,,
1040100508887,adygeya,7.0,,,,,,,,,,,,,,,,,,
1040100509283,adygeya,7.0,,,,,,,,,,,,,,,,,,
1040100509460,adygeya,7.0,,,,,,,,,,,,,,,,,,
1040100518116,adygeya,7.0,80098.0,574969.0,264671.0,309681.0,-23537.0,,,658986.0,297287.0,,-105.0,,-26629.0,,,,-0.040409052696111905,1.131367633938055
1040100518699,adygeya,7.0,236.0,1916.0,1664.0,252.0,-302.0,,,2152.0,,,,,,,,,,
1040100520294,adygeya,7.0,,,,,,,,,,,,,,,,,,
1040100522439,adygeya,7.0,,,,,,,,,,,,,,,,,,
1040100522472,adygeya,7.0,,,,,,,,,,,,,,,,,,
1050100509986,adygeya,6.0,107121.0,224038.0,139855.0,84073.0,172730.0,160000.0,,399890.0,290945.0,35709.0,-324.0,,1295.0,,,,0.0032383905574032857,0.007497250043420367
1050100510690,adygeya,6.0,,,,,,,,,,,,,,,,,,
1050100510976,adygeya,6.0,,,,,,,,,,,,,,,,,,
1050100511350,adygeya,6.0,,,,,,,,,,,,,,,,,,
1050100512923,adygeya,6.0,101881.0,139774.0,42529.0,91552.0,64555.0,10010.0,,254135.0,141436.0,5350.0,,,-32644.0,,,,-0.12845141361874593,-0.5056773294090311
1050100513055,adygeya,6.0,,,,,,,,,,,,,,,,,,
1050100513540,adygeya,6.0,,,,,,,,,,,,,,,,,,
1050100513550,adygeya,6.0,,,,,,,,,,,,,,,,,,
1050100514540,adygeya,6.0,120158.0,66333.0,10388.0,55459.0,90988.0,,,187413.0,54238.0,,-316.0,,10785.0,,,,0.057546701669574686,0.11853211412493955
1050100514562,adygeya,6.0,4506.0,1244.0,503.0,730.0,1577.0,,,6230.0,5338.0,,-12.0,,163.0,,,,0.026163723916532905,0.10336081166772353
1050100514606,adygeya,6.0,24132.0,8449.0,1125.0,7319.0,3551.0,,,32581.0,22971.0,,,,76.0,,,,0.002332647862251005,0.021402421852999155
1050100514760,adygeya,6.0,46405.0,40845.0,17143.0,20470.0,15652.0,,,90332.0,29242.0,,-297.0,,-8795.0,,,,-0.09736306070938316,-0.5619090212113468
1050100514804,adygeya,6.0,,,,,,,,,,,,,,,,,,
1050100514859,adygeya,6.0,,,,,,,,,,,,,,,,,,
1050100519941,adygeya,6.0,32795.0,313670.0,103904.0,209697.0,140125.0,,,382115.0,161585.0,,-30.0,,6891.0,,,,0.018033837980712612,0.049177520071364854
1050100519974,adygeya,6.0,46232.0,28999.0,4038.0,21840.0,35070.0,,,77206.0,57313.0,,-200.0,,7223.0,,,,0.0935549050591923,0.20595950955232392
1050100519952,adygeya,6.0,,,,,,,,,,,,,,,,,,
1050100519985,krasnodar,6.0,,,,,,,,,,,,,,,,,,
1050100520249,adygeya,6.0,,,,,,,,,,,,,,,,,,
1050100520502,adygeya,6.0,521931.0,1650913.0,1177298.0,276793.0,76888.0,70790.0,,2172844.0,3111601.0,140587.0,,,6011.0,,,,0.0027664204149032328,0.07817864946415566
1050100521822,adygeya,6.0,,,,,,,,,,,,,,,,,,
1050100007286,adygeya,6.0,,,,,,,,,,,,,,,,,,
1050100522911,adygeya,6.0,,,,,,,,,,,,,,,,,,
1050100522856,adygeya,6.0,618.0,300.0,,300.0,103.0,,,918.0,2772.0,,-7.0,,49.0,,,,0.05337690631808279,0.47572815533980584
1050100523109,adygeya,6.0,,,,,,,,,,,,,,,,,,
1050100523615,adygeya,6.0,,,,,,,,,,,,,,,,,,
1060101000013,adygeya,5.0,,,,,,,,,,,,,,,,,,
1060101002411,adygeya,5.0,2353.0,15150.0,5626.0,9482.0,5563.0,12.0,,17526.0,16547.0,2523.0,-30.0,,168.0,,,,0.009585758301951387,0.030199532626280785
1060101002653,adygeya,5.0,,1954.0,1569.0,370.0,1871.0,,,1954.0,4211.0,,-21.0,,528.0,,,,0.27021494370522003,0.2822020309994655
1060101000343,adygeya,5.0,,,,,,,,,,,,,,,,,,
1060101000431,adygeya,5.0,,,,,,,,,,,,,,,,,,
1060101001289,adygeya,5.0,35.0,2590.0,2547.0,,1778.0,,,5024.0,,,-12.0,,34.0,,,,0.006767515923566879,0.019122609673790775
1060101001553,adygeya,5.0,,,,,,,,,,,,,,,,,,
1060101001652,adygeya,5.0,,,,,,,,,,,,,,,,,,
1060101001773,adygeya,5.0,50.0,859.0,304.0,550.0,449.0,,,909.0,950.0,,-8.0,,52.0,,,,0.05720572057205721,0.11581291759465479
1060101001795,adygeya,5.0,10.0,471.0,76.0,355.0,392.0,,,481.0,3419.0,,-14.0,,298.0,,,,0.6195426195426196,0.7602040816326531
1060101001949,adygeya,5.0,1104.0,412.0,,390.0,1372.0,,,1516.0,2913.0,,-21.0,,268.0,,,,0.17678100263852242,0.19533527696793002
1060101001960,adygeya,5.0,,1142.0,1142.0,,624.0,,,2428.0,,,,,0.0,,,,0.0,0.0
1060101001971,adygeya,5.0,,,,,,,,,,,,,,,,,,
1060101002026,adygeya,5.0,100560.0,178185.0,90247.0,82475.0,104041.0,10010.0,,286585.0,157237.0,17163.0,-378.0,,2972.0,,,,0.010370396217527085,0.028565661614171338
1060101002334,adygeya,5.0,58.0,79.0,,,,,,139.0,,,,,,,,,,
1060101002345,adygeya,5.0,31092.0,9864.0,3880.0,5292.0,27529.0,,,40956.0,9933.0,,-57.0,,2459.0,,,,0.06004004297294658,0.08932398561516945
1060101002390,adygeya,5.0,,,,,,,,,,,,,,,,,,
1060101002675,adygeya,5.0,,,,,,,,,,,,,,,,,,
1060101002873,adygeya,5.0,,2.0,,,2.0,,,2.0,,,,,,,,,,
1060101002917,adygeya,5.0,,356.0,,351.0,133.0,,,356.0,5400.0,,-29.0,,21.0,,,,0.05898876404494382,0.15789473684210525
1060101002940,adygeya,5.0,,,,,,,,,,,,,,,,,,
1060101003005,adygeya,5.0,10.0,450.0,,435.0,268.0,,,460.0,6800.0,,-110.0,,258.0,,,,0.5608695652173913,0.9626865671641791
1060101002994,adygeya,5.0,,1245.0,,1230.0,1230.0,,,1245.0,9885.0,,-60.0,,279.0,,,,0.22409638554216868,0.22682926829268293
1060101003038,adygeya,5.0,,,,,,,,,,,,,,,,,,
1060101003049,adygeya,5.0,,1747.0,,1737.0,1565.0,,,1747.0,7392.0,,-27.0,,22.0,,,,0.012593016599885518,0.014057507987220448
1060101003050,adygeya,5.0,10.0,358.0,,358.0,13.0,,,368.0,1050.0,,-20.0,,3.0,,,,0.008152173913043478,0.23076923076923078
1060101003093,adygeya,5.0,19.0,1400.0,857.0,542.0,1181.0,,,1419.0,2725.0,,-17.0,,67.0,,,,0.047216349541930935,0.056731583403895
1060101003160,adygeya,5.0,10.0,342.0,,342.0,168.0,,,352.0,4531.0,,-22.0,,158.0,,,,0.44886363636363635,0.9404761904761905
1060101003148,adygeya,5.0,,,,,,,,,,,,,,,,,,
1060101003181,adygeya,5.0,,,,,,,,,,,,,,,,,,
1060101003203,adygeya,5.0,10.0,87.0,,87.0,97.0,,,97.0,1197.0,,-10.0,,87.0,,,,0.8969072164948454,0.8969072164948454
1060101003192,adygeya,5.0,53.0,4865.0,,4863.0,4056.0,,,4918.0,10329.0,,-43.0,,1045.0,,,,0.21248474989833266,0.2576429980276134
1060101003214,adygeya,5.0,,,,,,,,,,,,,,,,,,
1060101003236,adygeya,5.0,10.0,303.0,,297.0,183.0,,,313.0,2274.0,,-58.0,,173.0,,,,0.5527156549520766,0.9453551912568307
1060101003247,adygeya,5.0,50.0,2057.0,42.0,1939.0,1818.0,,,2107.0,15640.0,,-162.0,,1808.0,,,,0.8580920740389179,0.9944994499449945
1060101003258,adygeya,5.0,10.0,297.0,14.0,278.0,30.0,,,307.0,1907.0,,-6.0,,20.0,,,,0.06514657980456026,0.6666666666666666
1060101003335,adygeya,5.0,624.0,2522.0,1383.0,1139.0,2275.0,,,3146.0,18583.0,,-54.0,,1945.0,,,,0.6182453909726637,0.8549450549450549
1060101003346,adygeya,5.0,,1120.0,9.0,1111.0,907.0,,,1120.0,2872.0,,-11.0,,33.0,,,,0.029464285714285714,0.03638368246968027
1060101003357,adygeya,5.0,28.0,1197.0,15.0,1180.0,1167.0,,,1225.0,10148.0,,-71.0,,242.0,,,,0.19755102040816327,0.207369323050557
1060101003368,adygeya,5.0,120.0,668.0,,667.0,552.0,,,788.0,2837.0,,-34.0,,27.0,,,,0.03426395939086294,0.04891304347826087
1060101003379,adygeya,5.0,10.0,922.0,698.0,224.0,600.0,,,932.0,2493.0,,-21.0,,85.0,,,,0.09120171673819742,0.14166666666666666
1060101003380,adygeya,5.0,69.0,1284.0,708.0,576.0,1325.0,,,1353.0,4707.0,,-14.0,,115.0,,,,0.08499630450849963,0.08679245283018867
1060101003390,adygeya,5.0,,,,,,,,,,,,,,,,,,
1060101003412,adygeya,5.0,10.0,224.0,,223.0,203.0,,,234.0,4584.0,,-14.0,,193.0,,,,0.8247863247863247,0.9507389162561576
1060101003423,adygeya,5.0,10.0,43.0,,43.0,53.0,,,53.0,1417.0,,-10.0,,43.0,,,,0.8113207547169812,0.8113207547169812
1060101003434,adygeya,5.0,,,,,,,,,,,,,,,,,,
1060101003445,adygeya,5.0,10.0,848.0,,848.0,678.0,,,858.0,4280.0,,-60.0,,668.0,,,,0.7785547785547785,0.9852507374631269
1060101003456,adygeya,5.0,10.0,45.0,,45.0,55.0,,,55.0,272.0,,-4.0,,45.0,,,,0.8181818181818182,0.8181818181818182
1060101003467,adygeya,5.0,19.0,33.0,,30.0,35.0,,,52.0,383.0,,-2.0,,14.0,,,,0.2692307692307692,0.4
1060101003478,adygeya,5.0,,1381.0,,1381.0,1144.0,,,1381.0,4382.0,,-16.0,,98.0,,,,0.07096307023895727,0.08566433566433566
1060101003490,adygeya,5.0,10.0,38.0,38.0,,48.0,,,48.0,871.0,,-27.0,,3.0,,,,0.0625,0.0625
1060101003511,adygeya,5.0,110.0,780.0,,780.0,561.0,,,890.0,6300.0,,-72.0,,451.0,,,,0.5067415730337078,0.803921568627451
1060101003489,adygeya,5.0,,,,,,,,,,,,,,,,,,
1060101003533,adygeya,5.0,67.0,192.0,,190.0,147.0,,,299.0,2011.0,,-7.0,,38.0,,,,0.12709030100334448,0.2585034013605442
1060101003555,adygeya,5.0,10.0,134.0,,129.0,141.0,,,144.0,1898.0,,-15.0,,131.0,,,,0.9097222222222222,0.9290780141843972
1060101003566,adygeya,5.0,16.0,809.0,15.0,45.0,815.0,,,825.0,3731.0,,-15.0,,352.0,,,,0.4266666666666667,0.43190184049079755
1060101003544,adygeya,5.0,,96.0,,96.0,96.0,,,96.0,2500.0,,-18.0,,33.0,,,,0.34375,0.34375
1060101003577,adygeya,5.0,50.0,395.0,,395.0,425.0,,,445.0,5100.0,,-109.0,,415.0,,,,0.9325842696629213,0.9764705882352941
1060101003588,adygeya,5.0,20.0,603.0,,603.0,593.0,,,623.0,3822.0,,-43.0,,583.0,,,,0.9357945425361156,0.9831365935919055
1060101003599,adygeya,5.0,,,,,,,,,,,,,,,,,,
1060101003600,adygeya,5.0,50.0,261.0,,261.0,291.0,,,311.0,4500.0,,-125.0,,281.0,,,,0.9035369774919614,0.9656357388316151
1060101003610,adygeya,5.0,,1965.0,1511.0,453.0,612.0,,,1965.0,3117.0,,-16.0,,81.0,,,,0.04122137404580153,0.1323529411764706
1060101003654,adygeya,5.0,1400.0,256.0,,250.0,280.0,,,1656.0,3100.0,,-80.0,,270.0,,,,0.16304347826086957,0.9642857142857143
1060101003720,adygeya,5.0,,,,,,,,,,,,,,,,,,
1060101003710,adygeya,5.0,,,,,,,,,,,,,,,,,,
1060101003731,adygeya,5.0,,,,,,,,,,,,,,,,,,
1060101003764,adygeya,5.0,10.0,224.0,,222.0,170.0,,,234.0,1055.0,,-8.0,,6.0,,,,0.02564102564102564,0.03529411764705882
1060101003753,adygeya,5.0,,,,,,,,,,,,,,,,,,
1060101003775,adygeya,5.0,,,,,,,,,,,,,,,,,,
1060101003786,adygeya,5.0,10.0,663.0,,663.0,373.0,,,673.0,6347.0,,-16.0,,363.0,,,,0.5393759286775631,0.9731903485254692
1060101003820,adygeya,5.0,,,,,,,,,,,,,,,,,,
1060101003819,adygeya,5.0,,74.0,,74.0,72.0,,,74.0,520.0,,-7.0,,19.0,,,,0.25675675675675674,0.2638888888888889
1060101003830,adygeya,5.0,,,,,,,,,,,,,,,,,,
1060101003863,adygeya,5.0,10.0,417.0,,415.0,208.0,,,427.0,2081.0,,-27.0,,26.0,,,,0.06088992974238876,0.125
1060101003885,adygeya,5.0,,,,,,,,,,,,,,,,,,
1060101003874,adygeya,5.0,565.0,1085.0,1079.0,5.0,-4832.0,,,1650.0,4449.0,-1675.0,,,-2515.0,,,,-1.5242424242424242,0.5204884105960265
1060101003918,adygeya,5.0,29.0,236.0,141.0,95.0,174.0,,,265.0,505.0,,-11.0,,23.0,,,,0.08679245283018867,0.13218390804597702
1060101003907,adygeya,5.0,,433.0,433.0,,385.0,,,433.0,784.0,,-8.0,,175.0,,,,0.40415704387990764,0.45454545454545453
1060101003896,adygeya,5.0,20.0,566.0,,564.0,488.0,,,586.0,1576.0,,-6.0,,478.0,,,,0.8156996587030717,0.9795081967213115
1060101003930,krasnodar,5.0,,,,,,,,,,,,,,,,,,
1060101003951,adygeya,5.0,,,,,,,,,,,,,,,,,,
1060101003962,adygeya,5.0,,,,,,,,,,,,,,,,,,
1060101004006,adygeya,5.0,,,,,,,,,,,,,,,,,,
1060101004028,adygeya,5.0,,,,,,,,,,,,,,,,,,
1060101004039,adygeya,5.0,,1552.0,,1552.0,1552.0,,,1552.0,4449.0,,-16.0,,-105.0,,,,-0.06765463917525773,-0.06765463917525773
1060101004040,adygeya,5.0,,,,,,,,,,,,,,,,,,
1060101004061,adygeya,5.0,,,,,,,,,,,,,,,,,,
1060101004127,adygeya,5.0,,,,,,,,,,,,,,,,,,
1070101000221,adygeya,4.0,,,,,,,,,,,,,,,,,,
1070101000232,adygeya,4.0,,,,,,,,,,,,,,,,,,
1070101000265,adygeya,4.0,,,,,,,,,,,,,,,,,,
1070100000409,adygeya,4.0,,,,,,,,,,,,,,,,,,
1070101000287,adygeya,4.0,,,,,,,,,,,,,,,,,,
1070101000298,adygeya,4.0,,,,,,,,,,,,,,,,,,
1070101000310,adygeya,4.0,,,,,,,,,,,,,,,,,,
1070101000320,krasnodar,4.0,,,,,,,,,,,,,,,,,,
1070101000342,adygeya,4.0,,,,,,,,,,,,,,,,,,
1070101000353,adygeya,4.0,,,,,,,,,,,,,,,,,,
1070101000364,adygeya,4.0,3.0,603.0,532.0,70.0,587.0,,,606.0,1991.0,,,,187.0,,,,0.3085808580858086,0.3185689948892675
1070101000375,adygeya,4.0,,,,,,,,,,,,,,,,,,
1070101000408,adygeya,4.0,,,,,,,,,,,,,,,,,,
1070101000397,adygeya,4.0,,597.0,,597.0,64.0,,,597.0,962.0,,-10.0,,45.0,,,,0.07537688442211055,0.703125
1070101000386,moscow city,4.0,,,,,,,,,,,,,,,,,,
1070101000419,adygeya,4.0,,,,,,,,,,,,,,,,,,
1070101000420,adygeya,4.0,,,,,,,,,,,,,,,,,,
1070101000441,adygeya,4.0,,,,,,,,,,,,,,,,,,
1070101000452,adygeya,4.0,,,,,,,,,,,,,,,,,,
1070101000463,adygeya,4.0,78.0,277.0,32.0,230.0,290.0,,,355.0,2805.0,,-4.0,,625.0,,,,1.7605633802816902,2.1551724137931036
1070101000474,adygeya,4.0,,,,,,,,,,,,,,,,,,
1070101000485,adygeya,4.0,2372.0,6000.0,,6000.0,1479.0,,,8382.0,11918.0,,,,400.0,,,,0.047721307563827246,0.2704530087897228
1070101000507,adygeya,4.0,,,,,,,,,,,,,,,,,,
1070101000518,adygeya,4.0,,,,,,,,,,,,,,,,,,
1070101000529,moscow city,4.0,,,,,,,,,,,,,,,,,,
1070101000540,adygeya,4.0,,88.0,,88.0,61.0,,,88.0,1068.0,,-9.0,,14.0,,,,0.1590909090909091,0.22950819672131148
1070101000551,adygeya,4.0,,,,,,,,,,,,,,,,,,
1070101000562,adygeya,4.0,10.0,328.0,,328.0,316.0,,,338.0,4370.0,,-21.0,,316.0,,,,0.9349112426035503,1.0
1070101000573,adygeya,4.0,,,,,,,,,,,,,,,,,,
1070101000584,adygeya,4.0,,,,,,,,,,,,,,,,,,
1070101000595,adygeya,4.0,,,,,,,,,,,,,,,,,,
1070101000617,adygeya,4.0,3.0,1322.0,563.0,758.0,1266.0,,,1325.0,3218.0,,-22.0,,704.0,,,,0.5313207547169811,0.5560821484992101
1070101000628,adygeya,4.0,10.0,262.0,,257.0,86.0,,,272.0,2190.0,,-6.0,,76.0,,,,0.27941176470588236,0.8837209302325582
1070101000639,adygeya,4.0,,,,,,,,,,,,,,,,,,
1070101000640,adygeya,4.0,,,,,,,,,,,,,,,,,,
1070101000650,adygeya,4.0,10.0,,,,10.0,,,10.0,,,,,,,,,,
1070101000661,adygeya,4.0,10.0,490.0,,490.0,445.0,,,500.0,1134.0,,-15.0,,35.0,,,,0.07,0.07865168539325842
1070101000683,adygeya,4.0,,21.0,2.0,19.0,10.0,,,21.0,,,,,,,,,,
1070101000716,adygeya,4.0,,,,,,,,,,,,,,,,,,
1070101000727,adygeya,4.0,,,,,,,,,,,,,,,,,,
1080101000011,adygeya,3.0,,,,,,,,,,,,,,,,,,
1080101000022,adygeya,3.0,,,,,,,,,,,,,,,,,,
1080101000033,adygeya,3.0,,1653.0,1643.0,,10.0,,,1653.0,,,,,,,,,,
1080101000044,adygeya,3.0,,,,,,,,,,,,,,,,,,
1080101000066,adygeya,3.0,36.0,527.0,5.0,522.0,477.0,,,563.0,2747.0,,-37.0,,40.0,,,,0.07104795737122557,0.08385744234800839
1080101000077,adygeya,3.0,,,,,,,,,,,,,,,,,,
1080101000088,adygeya,3.0,,,,,,,,,,,,,,,,,,
1080101000100,adygeya,3.0,67390.0,16308.0,15931.0,365.0,-2604.0,,,84489.0,4117.0,,-623.0,,-3848.0,,,,-0.04554439039401579,1.477726574500768
1080101000110,adygeya,3.0,,,,,,,,,,,,,,,,,,
1080101000121,adygeya,3.0,,4088.0,1574.0,2510.0,-2163.0,,,4088.0,,,,,-557.0,,,,-0.13625244618395305,0.2575127138233934
1080101000132,adygeya,3.0,607.0,83.0,,83.0,568.0,678.0,,690.0,1561.0,291.0,,,-11.0,,,,-0.015942028985507246,-0.01936619718309859
1080101000154,adygeya,3.0,,,,,,,,,,,,,,,,,,
1080101000176,adygeya,3.0,10.0,320.0,,320.0,276.0,,,330.0,2053.0,,-10.0,,266.0,,,,0.806060606060606,0.9637681159420289
1080101000187,adygeya,3.0,,,,,,,,,,,,,,,,,,
1080101000198,adygeya,3.0,,,,,,,,,,,,,,,,,,
1080101000209,adygeya,3.0,,,,,,,,,,,,,,,,,,
1080101000210,adygeya,3.0,,,,,,,,,,,,,,,,,,
1080101000220,adygeya,3.0,10.0,222.0,,222.0,229.0,,,232.0,1989.0,,-12.0,,219.0,,,,0.9439655172413793,0.9563318777292577
1080101000231,adygeya,3.0,6405.0,6149.0,486.0,5221.0,5395.0,7150.0,,12554.0,5205.0,-2779.0,,,-1144.0,,,,-0.09112633423610005,-0.21204819277108433
1080101000264,adygeya,3.0,4901.0,4962.0,4452.0,500.0,2365.0,,,9863.0,10379.0,,-18.0,,1144.0,,,,0.11598904998479165,0.48372093023255813
1080101000275,adygeya,3.0,,,,,,,,,,,,,,,,,,
1080101000286,adygeya,3.0,,,,,,,,,,,,,,,,,,
1080101000297,adygeya,3.0,,,,,,,,,,,,,,,,,,
1080100000090,adygeya,3.0,,,,,,,,,,,,,,,,,,
1080101000308,adygeya,3.0,,,,,,,,,,,,,,,,,,
1080101000319,adygeya,3.0,,,,,,,,,,,,,,,,,,
1080101000320,adygeya,3.0,,,,,,,,,,,,,,,,,,
1080101000330,adygeya,3.0,,,,,,,,,,,,,,,,,,
1080101000341,adygeya,3.0,,,,,,,,,,,,,,,,,,
1080101000352,adygeya,3.0,,,,,,,,,,,,,,,,,,
1080101000363,adygeya,3.0,,,,,,,,,,,,,,,,,,
1080101000385,adygeya,3.0,,,,,,,,,,,,,,,,,,
1080101000407,adygeya,3.0,,,,,,,,,,,,,,,,,,
1080101000418,adygeya,3.0,,,,,,,,,,,,,,,,,,
1080101000429,adygeya,3.0,,,,,,,,,,,,,,,,,,
1080101000430,adygeya,3.0,,,,,,,,,,,,,,,,,,
1080101000440,adygeya,3.0,,,,,,,,,,,,,,,,,,
1080101000451,adygeya,3.0,,,,,,,,,,,,,,,,,,
1080101000462,adygeya,3.0,,,,,,,,,,,,,,,,,,
1080101000473,adygeya,3.0,,,,,,,,,,,,,,,,,,
1080101000484,adygeya,3.0,,,,,,,,,,,,,,,,,,
1080101000495,kemerovo,3.0,,,,,,,,,,,,,,,,,,
1080101000528,adygeya,3.0,,,,,,,,,,,,,,,,,,
1080101000539,adygeya,3.0,,,,,,,,,,,,,,,,,,
1080101000540,adygeya,3.0,,,,,,,,,,,,,,,,,,
1080101000550,adygeya,3.0,,153.0,9.0,140.0,134.0,,,153.0,,,,,,,,,,
1080101000572,moscow city,3.0,,,,,,,,,,,,,,,,,,
1080100000408,adygeya,3.0,,,,,,,,,,,,,,,,,,
1080101000594,adygeya,3.0,,,,,,,,,,,,,,,,,,
1080101000605,adygeya,3.0,,,,,,,,,,,,,,,,,,
1080101000616,adygeya,3.0,10.0,396.0,,386.0,142.0,,,406.0,1008.0,,-8.0,,30.0,,,,0.07389162561576355,0.2112676056338028
1080101000627,adygeya,3.0,,,,,,,,,,,,,,,,,,
1080101000638,adygeya,3.0,,,,,,,,,,,,,,,,,,
1080101000649,adygeya,3.0,,,,,,,,,,,,,,,,,,
1080101000650,adygeya,3.0,,,,,,,,,,,,,,,,,,
1080101000660,adygeya,3.0,,,,,,,,,,,,,,,,,,
1080101000671,adygeya,3.0,,,,,,,,,,,,,,,,,,
1080101000682,adygeya,3.0,,,,,,,,,,,,,,,,,,
1080101000693,adygeya,3.0,,,,,,,,,,,,,,,,,,
1080101000715,adygeya,3.0,,26.0,23.0,,10.0,,,26.0,3542.0,,-2.0,,14.0,,,,0.5384615384615384,1.4
1080101000726,adygeya,3.0,,,,,,,,,,,,,,,,,,
1080101000737,adygeya,3.0,,,,,,,,,,,,,,,,,,
1080101000748,adygeya,3.0,10.0,6.0,,6.0,13.0,,,16.0,360.0,,-19.0,,3.0,,,,0.1875,0.23076923076923078
1080101000759,adygeya,3.0,,,,,,,,,,,,,,,,,,
1080101000760,adygeya,3.0,,,,,,,,,,,,,,,,,,
1080101000770,adygeya,3.0,,,,,,,,,,,,,,,,,,
1080101000781,adygeya,3.0,,241.0,89.0,152.0,24.0,,,241.0,15.0,,,,1.0,,,,0.004149377593360996,0.041666666666666664
1080101000792,adygeya,3.0,10.0,25.0,,25.0,35.0,,,35.0,687.0,,-11.0,,25.0,,,,0.7142857142857143,0.7142857142857143
1080100000529,adygeya,3.0,,,,,,,,,,,,,,,,,,
1080101000803,adygeya,3.0,10.0,,,,10.0,,,10.0,,,,,,,,,,
1080101000825,adygeya,3.0,,,,,,,,,,,,,,,,,,
1080101000870,adygeya,3.0,80.0,805.0,85.0,720.0,870.0,,,885.0,6976.0,,-11.0,,864.0,,,,0.976271186440678,0.993103448275862
1080101000836,adygeya,3.0,157157.0,52495.0,28523.0,10724.0,399.0,5100.0,,212718.0,15875.0,328.0,-8.0,44.0,-7578.0,,,,-0.035624629791555014,-18.992481203007518
1080101000858,adygeya,3.0,,,,,,,,,,,,,,,,,,
1080101000869,adygeya,3.0,,,,,,,,,,,,,,,,,,
1080101000891,adygeya,3.0,,,,,,,,,,,,,,,,,,
1080101000902,adygeya,3.0,,,,,,,,,,,,,,,,,,
1090101000010,krasnodar,2.0,,,,,,,,,,,,,,,,,,
1090101000021,adygeya,2.0,,,,,,,,,,,,,,,,,,
1090101000032,adygeya,2.0,,,,,,,,,,,,,,,,,,
1090101000043,adygeya,2.0,120.0,261.0,,261.0,10.0,,,381.0,136.0,,-6.0,,0.0,,,,0.0,0.0
1090101000054,adygeya,2.0,10.0,13.0,,12.0,23.0,,,23.0,412.0,,-12.0,,13.0,,,,0.5652173913043478,0.5652173913043478
1090100000033,adygeya,2.0,2.0,35.0,,,,,,37.0,,,,,,,,,,
1090101000087,adygeya,2.0,,,,,,,,,,,,,,,,,,
1090101000098,krasnoyarsk,2.0,,,,,,,,,,,,,,,,,,
1090101000109,adygeya,2.0,,,,,,,,,,,,,,,,,,
1090101000110,adygeya,2.0,,,,,,,,,,,,,,,,,,
1090101000120,adygeya,2.0,,,,,,,,,,,,,,,,,,
1090101000131,adygeya,2.0,,,,,,,,,,,,,,,,,,
1090101000142,adygeya,2.0,2148.0,571.0,491.0,63.0,376.0,310.0,,2726.0,3096.0,-3.0,,,2.0,,,,0.0007336757153338225,0.005319148936170213
1090101000153,adygeya,2.0,,,,,,,,,,,,,,,,,,
1090101000164,adygeya,2.0,,3889.0,836.0,3037.0,1781.0,,,3889.0,10089.0,,-22.0,,569.0,,,,0.14631010542555928,0.31948343627175746
1090101000175,adygeya,2.0,,,,,,,,,,,,,,,,,,
1090101000186,adygeya,2.0,,,,,,,,,,,,,,,,,,
1090101000197,adygeya,2.0,,,,,,,,,,,,,,,,,,
1090101000208,adygeya,2.0,,,,,,,,,,,,,,,,,,
1090101000219,adygeya,2.0,,,,,,,,,,,,,,,,,,
1090101000220,adygeya,2.0,,,,,,,,,,,,,,,,,,
1090101000230,adygeya,2.0,,,,,,,,,,,,,,,,,,
1090101000241,adygeya,2.0,,,,,,,,,,,,,,,,,,
1090101000252,adygeya,2.0,,,,,,,,,,,,,,,,,,
1090101000263,adygeya,2.0,,,,,,,,,,,,,,,,,,
1090101000274,adygeya,2.0,4105.0,3918.0,23.0,3890.0,-1164.0,,,8023.0,5106.0,,-1.0,,-414.0,,,,-0.051601645269849186,0.3556701030927835
1090101000285,adygeya,2.0,,,,,,,,,,,,,,,,,,
1090101000296,adygeya,2.0,,,,,,,,,,,,,,,,,,
1090101000307,adygeya,2.0,10.0,317.0,,317.0,325.0,,,327.0,2725.0,,-9.0,,315.0,,,,0.963302752293578,0.9692307692307692
1090101000318,adygeya,2.0,,,,,,,,,,,,,,,,,,
1090101000329,adygeya,2.0,,,,,,,,,,,,,,,,,,
1090101000330,adygeya,2.0,,,,,,,,,,,,,,,,,,
1090101000340,adygeya,2.0,,,,,,,,,,,,,,,,,,
1090101000351,adygeya,2.0,,3112.0,1398.0,1300.0,335.0,,,3112.0,6269.0,,-39.0,,157.0,,,,0.05044987146529563,0.46865671641791046
1090101000362,adygeya,2.0,,531.0,,518.0,126.0,,,531.0,4555.0,,-22.0,,116.0,,,,0.2184557438794727,0.9206349206349206
1090101000373,adygeya,2.0,,,,,,,,,,,,,,,,,,
1090101000384,adygeya,2.0,196.0,,,,-58.0,200.0,,196.0,443.0,-245.0,,,-232.0,,,,-1.183673469387755,4.0
1090101000395,adygeya,2.0,64.0,400.0,,400.0,204.0,,,464.0,2609.0,,-19.0,,112.0,,,,0.2413793103448276,0.5490196078431373
1090101000406,adygeya,2.0,,,,,,,,,,,,,,,,,,
1090101000417,adygeya,2.0,,,,,,,,,,,,,,,,,,
1090101000428,adygeya,2.0,,,,,,,,,,,,,,,,,,
1090101000439,adygeya,2.0,,,,,,,,,,,,,,,,,,
1090101000440,adygeya,2.0,,,,,,,,,,,,,,,,,,
1090101000450,adygeya,2.0,,,,,,,,,,,,,,,,,,
1090101000461,krasnodar,2.0,,2107.0,,167.0,594.0,,,2107.0,8402.0,,-33.0,,295.0,,,,0.1400094921689606,0.49663299663299665
1090101000483,sverdlovsk,2.0,,,,,,,,,,,,,,,,,,
1090101000494,adygeya,2.0,482.0,4690.0,4531.0,40.0,1256.0,100.0,,5172.0,31928.0,5849.0,,,5590.0,,,,1.0808197989172468,4.4506369426751595
1090101000516,adygeya,2.0,,,,,,,,,,,,,,,,,,
1090101000538,adygeya,2.0,124.0,849.0,,849.0,950.0,,,973.0,5788.0,,-13.0,,48.0,,,,0.04933196300102775,0.05052631578947368
1090101000549,adygeya,2.0,,,,,,,,,,,,,,,,,,
1090101000550,adygeya,2.0,,,,,,,,,,,,,,,,,,
1090101000560,adygeya,2.0,25.0,429.0,149.0,277.0,306.0,,,454.0,6087.0,,-28.0,,165.0,,,,0.3634361233480176,0.5392156862745098
1090101000571,adygeya,2.0,10.0,1389.0,,1376.0,1174.0,,,1399.0,28017.0,,-68.0,,1164.0,,,,0.8320228734810579,0.9914821124361158
1090101000582,kaliningrad,2.0,,,,,,,,,,,,,,,,,,
1090101000593,adygeya,2.0,,,,,,,,,,,,,,,,,,
1090101000604,krasnodar,2.0,2108.0,390.0,389.0,,-193.0,,,2498.0,,,,,-203.0,,,,-0.08126501200960769,1.0518134715025906
1090101000615,adygeya,2.0,,,,,,,,,,,,,,,,,,
1090101000626,adygeya,2.0,93.0,9398.0,66.0,9331.0,9171.0,,,9491.0,15328.0,,-28.0,,10.0,,,,0.0010536297545042672,0.0010903936321011885
1090101000637,krasnodar,2.0,,,,,,,,,,,,,,,,,,
1090101000648,adygeya,2.0,,,,,,,,,,,,,,,,,,
1090101000660,adygeya,2.0,3036.0,19721.0,11090.0,3488.0,7409.0,,,22757.0,69315.0,,-1496.0,,5983.0,,,,0.26290811618403126,0.8075313807531381
1090101000670,adygeya,2.0,,,,,,,,,,,,,,,,,,
1090101000681,adygeya,2.0,,,,,,,,,,,,,,,,,,
1090101000692,adygeya,2.0,,,,,,,,,,,,,,,,,,
1090101000703,adygeya,2.0,2547.0,1035.0,484.0,,-82.0,,,3582.0,4861.0,,-2.0,,12.0,,,,0.0033500837520938024,-0.14634146341463414
1090101000714,adygeya,2.0,10.0,145.0,,145.0,125.0,,,155.0,910.0,,-16.0,,115.0,,,,0.7419354838709677,0.92
1090101000725,adygeya,2.0,10.0,,,,10.0,,,10.0,,,,,,,,,,
1100101000010,adygeya,1.0,,,,,,,,,,,,,,,,,,
1100101000020,adygeya,1.0,,,,,,,,,,,,,,,,,,
1100101000042,adygeya,1.0,,,,,,,,,,,,,,,,,,
1100101000053,adygeya,1.0,110.0,143.0,136.0,5.0,85.0,100.0,,253.0,698.0,20.0,,,-2.0,,,,-0.007905138339920948,-0.023529411764705882
1100101000064,adygeya,1.0,,,,,,,,,,,,,,,,,,
1100101000075,adygeya,1.0,89880.0,1494.0,91.0,1402.0,55098.0,,,91374.0,2408.0,,-24.0,,134.0,,,,0.0014665003173769343,0.002432030200733239
1100101000086,adygeya,1.0,,,,,,,,,,,,,,,,,,
1100100000021,adygeya,1.0,,,,,,,,,,,,,,,,,,
1100101000097,krasnodar,1.0,,,,,,,,,,,,,,,,,,
1100100000043,adygeya,1.0,,,,,,,,,,,,,,,,,,
1100101000108,adygeya,1.0,,,,,,,,,,,,,,,,,,
1100101000119,adygeya,1.0,,622.0,175.0,436.0,-384.0,,,622.0,13918.0,,-139.0,,-518.0,,,,-0.8327974276527331,1.3489583333333333
1100101000120,adygeya,1.0,,,,,,,,,,,,,,,,,,
1100101000130,adygeya,1.0,,,,,,,,,,,,,,,,,,
1100101000174,adygeya,1.0,,,,,,,,,,,,,,,,,,
1100101000185,adygeya,1.0,,,,,,,,,,,,,,,,,,
1100100000110,adygeya,1.0,,128.0,,,,,,128.0,,,,,,,,,,
1100101000196,adygeya,1.0,,,,,,,,,,,,,,,,,,
1100101000207,adygeya,1.0,,,,,,,,,,,,,,,,,,
1100101000229,adygeya,1.0,,,,,,,,,,,,,,,,,,
1100101000230,karachaevo-chercessia,1.0,,,,,,,,,,,,,,,,,,
1100101000240,adygeya,1.0,,,,,,,,,,,,,,,,,,
1100101000251,adygeya,1.0,,,,,,,,,,,,,,,,,,
1100101000262,adygeya,1.0,,,,,,,,,,,,,,,,,,
1100101000273,adygeya,1.0,,,,,,,,,,,,,,,,,,
1100101000284,adygeya,1.0,,,,,,,,,,,,,,,,,,
1100101000295,adygeya,1.0,,,,,,,,,,,,,,,,,,
1100101000306,adygeya,1.0,,,,,,,,,,,,,,,,,,
1100101000317,adygeya,1.0,,,,,,,,,,,,,,,,,,
1100100000164,adygeya,1.0,,,,,,,,,,,,,,,,,,
1100101000383,adygeya,1.0,22335.0,40317.0,37802.0,2483.0,102178.0,,,310473.0,6657.0,,-2.0,,-28422.0,,,,-0.09154419224860133,-0.2781616394918671
1100101000394,adygeya,1.0,,,,,,,,,,,,,,,,,,
1100100000208,adygeya,1.0,,,,,,,,,,,,,,,,,,
1100101000405,adygeya,1.0,,,,,,,,,,,,,,,,,,
1100100000241,adygeya,1.0,,,,,,,,,,,,,,,,,,
1100101000416,adygeya,1.0,,,,,,,,,,,,,,,,,,
1100101000427,adygeya,1.0,,,,,,,,,,,,,,,,,,
1100101000438,adygeya,1.0,,,,,,,,,,,,,,,,,,
1100101000449,adygeya,1.0,,,,,,,,,,,,,,,,,,
1100101000450,adygeya,1.0,,,,,,,,,,,,,,,,,,
1100101000460,adygeya,1.0,,,,,,,,,,,,,,,,,,
1100100000252,adygeya,1.0,,,,,,,,,,,,,,,,,,
1100101000471,adygeya,1.0,,137.0,7.0,,116.0,,,137.0,4411.0,,-27.0,,108.0,,,,0.7883211678832117,0.9310344827586207
1100101000482,adygeya,1.0,,,,,,,,,,,,,,,,,,
1100101000493,adygeya,1.0,22.0,6217.0,5650.0,8.0,657.0,,,6239.0,51844.0,,-171.0,,684.0,,,,0.1096329539990383,1.0410958904109588
1100101000504,adygeya,1.0,,,,,,,,,,,,,,,,,,
1100101000515,adygeya,1.0,,737.0,729.0,,-1066.0,110.0,,846.0,3752.0,-897.0,,,-897.0,,,,-1.0602836879432624,0.8414634146341463
1100101000526,adygeya,1.0,,,,,,,,,,,,,,,,,,
1100101000537,adygeya,1.0,3940.0,2715.0,2117.0,456.0,-7186.0,1125.0,38.0,6655.0,11544.0,-5444.0,,,-5547.0,,,,-0.8335086401202104,0.7719176175897579
1100101000548,adygeya,1.0,,,,,,,,,,,,,,,,,,
1100101000559,adygeya,1.0,,,,,,,,,,,,,,,,,,
1100101000560,adygeya,1.0,,,,,,,,,,,,,,,,,,
1100100000340,adygeya,1.0,,,,,,,,,,,,,,,,,,
1100101000570,adygeya,1.0,10.0,,,,10.0,,,10.0,,,,,,,,,,
1100101000581,adygeya,1.0,,,,,,,,,,,,,,,,,,
1100100000362,adygeya,1.0,,,,,,,,,,,,,,,,,,
1100101000592,adygeya,1.0,,,,,,,,,,,,,,,,,,
1100101000603,adygeya,1.0,,,,,,,,,,,,,,,,,,
1100101000614,adygeya,1.0,,,,,,,,,,,,,,,,,,
1100101000625,adygeya,1.0,,,,,,,,,,,,,,,,,,
1100101000636,adygeya,1.0,,,,,,,,,,,,,,,,,,
1100100000428,adygeya,1.0,,,,,,,,,,,,,,,,,,
1100101000647,moscow reg.,1.0,,66868.0,63144.0,3326.0,420.0,,,66868.0,178895.0,,-102.0,,410.0,,,,0.006131482921576838,0.9761904761904762
1100101000658,adygeya,1.0,,,,,,,,,,,,,,,,,,
1100101000669,adygeya,1.0,,,,,,,,,,,,,,,,,,
1100101000670,adygeya,1.0,,55.0,,45.0,20.0,,,55.0,1203.0,,-4.0,,373.0,,,,6.781818181818182,18.65
1100101000680,adygeya,1.0,,,,,,,,,,,,,,,,,,
1100101000691,adygeya,1.0,,,,,,,,,,,,,,,,,,
1100101000702,adygeya,1.0,,,,,,,,,,,,,,,,,,
1100101000724,sverdlovsk,1.0,,,,,,,,,,,,,,,,,,
1110101000019,adygeya,0.0,,1166.0,74.0,1092.0,43.0,,,1166.0,3038.0,,-9.0,,33.0,,,,0.02830188679245283,0.7674418604651163
1110101000020,adygeya,0.0,,,,,,,,,,,,,,,,,,
1110101000030,adygeya,0.0,,10.0,,,10.0,,,10.0,,,,,,,,,,
1110101000041,adygeya,0.0,,,,,,,,,,,,,,,,,,
1110101000052,adygeya,0.0,,,,,,,,,,,,,,,,,,
1110101000074,krasnodar,0.0,,2922.0,2918.0,,36.0,,,2922.0,16718.0,,-7.0,,26.0,,,,0.00889801505817933,0.7222222222222222
1110101000085,adygeya,0.0,,,,,,,,,,,,,,,,,,
1110101000096,adygeya,0.0,,,,,,,,,,,,,,,,,,
1110101000107,lipetzk,0.0,,,,,,,,,,,,,,,,,,
1110101000118,adygeya,0.0,,,,,,,,,,,,,,,,,,
1110101000130,adygeya,0.0,,,,,,,,,,,,,,,,,,
1110101000140,adygeya,0.0,10.0,,,,10.0,10.0,,10.0,,,,,,,,,,
1110101000162,adygeya,0.0,,,,,,,,,,,,,,,,,,
1040100003118,adygeya,9.0,,,,,,,,,,,,,,,,,,
1040100003020,adygeya,7.0,,,,,,,,,,,,,,,,,,
1040100003426,adygeya,13.0,,,,,,,,,,,,,,,,,,
1110101000173,adygeya,0.0,,,,,,,,,,,,,,,,,,
1110101000184,adygeya,0.0,,,,,,,,,,,,,,,,,,
1110101000195,adygeya,0.0,,,,,,,,,,,,,,,,,,
1110101000206,adygeya,0.0,,,,,,,,,,,,,,,,,,
1110101000228,adygeya,0.0,10.0,170.0,,170.0,32.0,,,180.0,369.0,,-3.0,,22.0,,,,0.12222222222222222,0.6875
1110101000239,adygeya,0.0,,,,,,,,,,,,,,,,,,
1110101000240,adygeya,0.0,,10.0,,,-22.0,,,10.0,,,,,-32.0,,,,-3.2,1.4545454545454546
1110101000250,moscow city,0.0,,120637.0,95645.0,22122.0,-4981.0,,,124035.0,,,,,-5001.0,,,,-0.04031926472366671,1.0040152579803252
1110101000261,adygeya,0.0,,78.0,,78.0,78.0,,,78.0,1200.0,,-12.0,,68.0,,,,0.8717948717948718,0.8717948717948718
1110101000272,adygeya,0.0,12000.0,860.0,,800.0,22.0,,,12860.0,155.0,,-3.0,,12.0,,,,0.0009331259720062209,0.5454545454545454
1110101000283,adygeya,0.0,516.0,429.0,422.0,,567.0,595.0,,945.0,964.0,-322.0,,,-28.0,,,,-0.02962962962962963,-0.04938271604938271
1110101000294,adygeya,0.0,,,,,,,,,,,,,,,,,,
1110101000305,adygeya,0.0,,,,,,,,,,,,,,,,,,
1110101000316,adygeya,0.0,,,,,,,,,,,,,,,,,,
1110101000327,adygeya,0.0,,534.0,,530.0,86.0,,,534.0,1280.0,,-5.0,,74.0,,,,0.13857677902621723,0.8604651162790697
1110101000338,adygeya,0.0,,,,,,,,,,,,,,,,,,
1110101000349,adygeya,0.0,,32.0,21.0,10.0,12.0,,,32.0,7.0,,,,2.0,,,,0.0625,0.16666666666666666
1110101000350,udmurtia,0.0,2796.0,758.0,735.0,10.0,7.0,,,3554.0,203.0,,,,-3.0,,,,-0.0008441193021947102,-0.42857142857142855
1110101000360,adygeya,0.0,,8.0,,,8.0,,,8.0,,,,,-2.0,,,,-0.25,-0.25
1110101000382,adygeya,0.0,,10.0,,,7.0,,,10.0,,,,,-3.0,,,,-0.3,-0.42857142857142855
1110101000459,adygeya,0.0,,10.0,1.0,,10.0,,,10.0,,,,,,,,,,
1110101000460,adygeya,0.0,,10.0,,,10.0,,,10.0,,,,,,,,,,
1110100000438,adygeya,0.0,,,,,,,,,,,,,,,,,,
1020100864200,adygeya,19.0,11.0,82.0,7.0,22.0,82.0,61.0,,93.0,589.0,28.0,-5.0,,19.0,,,,0.20430107526881722,0.23170731707317074
1020100860515,adygeya,10.0,,,,,,,,,,,,,,,,,,
1110101000151,adygeya,19.0,,,,,,,,,,,,,,,,,,
1020100860724,adygeya,9.0,5036.0,3477.0,2884.0,555.0,-829.0,22.0,,9903.0,1436.0,93.0,,,-17.0,,,,-0.0017166515197414925,0.020506634499396863
1020100861538,adygeya,18.0,,,,,,,,,,,,,,,,,,
1020100860449,adygeya,15.0,,,,,,,,,,,,,,,,,,
1020100859987,adygeya,13.0,,,,,,,,,,,,,,,,,,
1020100864222,adygeya,19.0,52.0,17.0,1.0,,13.0,,,69.0,267.0,,-7.0,,-18.0,,,,-0.2608695652173913,-1.3846153846153846
1020100864277,adygeya,11.0,151.0,28.0,7.0,,49.0,,,179.0,471.0,,,,16.0,,,,0.0893854748603352,0.32653061224489793
1020100863936,adygeya,11.0,,,,,,,,,,,,,,,,,,
1020100860405,adygeya,12.0,22405.0,29729.0,22600.0,6964.0,26853.0,,,65027.0,57390.0,,-37.0,,1349.0,,,,0.02074522890491642,0.050236472647376455
1020100862198,adygeya,9.0,,,,,,,,,,,,,,,,,,
1020100002856,adygeya,20.0,,,,,,,,,,,,,,,,,,
1020100862100,adygeya,9.0,,,,,,,,,,,,,,,,,,
1020100860537,adygeya,17.0,,,,,,,,,,,,,,,,,,
1020100860383,adygeya,19.0,,,,,,,,,,,,,,,,,,
1020100002559,adygeya,17.0,,,,,,,,,,,,,,,,,,
1020100861703,adygeya,12.0,,,,,,,,,,,,,,,,,,
1020100864343,adygeya,11.0,,,,,,,,,,,,,,,,,,
1020100861780,adygeya,15.0,,,,,,,,,,,,,,,,,,
1020100860647,adygeya,11.0,,,,,,,,,,,,,,,,,,
1020100003307,adygeya,9.0,,45.0,,,,,,45.0,,,,,,,,,,
1020100861769,adygeya,10.0,126.0,5439.0,11.0,579.0,1356.0,,,5566.0,7322.0,,-140.0,,561.0,,,,0.1007905138339921,0.413716814159292
1110101000393,adygeya,18.0,,,,,,,,,,,,,,,,,,
1020100861802,adygeya,15.0,,,,,,,,,,,,,,,,,,
1020100860526,adygeya,12.0,3007.0,1887.0,1242.0,645.0,-35.0,,,4894.0,13475.0,,-27.0,,110.0,,,,0.022476501838986515,-3.142857142857143
1020100860482,adygeya,10.0,,9096.0,5564.0,3525.0,3072.0,,,9096.0,5037.0,,-62.0,,249.0,,,,0.02737467018469657,0.0810546875
1020100003791,adygeya,15.0,,,,,,,,,,,,,,,,,,
1020100860010,adygeya,15.0,,,,,,,,,,,,,,,,,,
1020100003241,adygeya,26.0,,,,,,,,,,,,,,,,,,
1020100861318,adygeya,14.0,,,,,,,,,,,,,,,,,,
1020100864299,adygeya,13.0,,,,,,,,,,,,,,,,,,
1020100860504,adygeya,13.0,558.0,439.0,344.0,94.0,819.0,,,1105.0,1721.0,,-8.0,,16.0,,,,0.014479638009049774,0.019536019536019536
1030100667410,adygeya,13.0,,,,,,,,,,,,,,,,,,
1020100861505,adygeya,13.0,,,,,,,,,,,,,,,,,,
1020100861879,adygeya,13.0,1115.0,2968.0,38.0,2897.0,2428.0,,,4083.0,17423.0,,-525.0,,36.0,,,,0.00881704628949302,0.014827018121911038
1040100000335,adygeya,12.0,,,,,,,,,,,,,,,,,,
1050100520073,adygeya,13.0,,,,,,,,,,,,,,,,,,
1020100861307,adygeya,12.0,,,,,,,,,,,,,,,,,,
1020100860328,adygeya,12.0,,,,,,,,,,,,,,,,,,
1020100864145,adygeya,12.0,,,,,,,,,,,,,,,,,,
1020100864255,adygeya,11.0,,,,,,,,,,,,,,,,,,
1020100864233,adygeya,11.0,,,,,,,,,,,,,,,,,,
1020100861472,adygeya,11.0,,,,,,,,,,,,,,,,,,
1020100859932,adygeya,11.0,,,,,,,,,,,,,,,,,,
1020100860636,adygeya,10.0,,,,,,,,,,,,,,,,,,
1050100514914,adygeya,10.0,,,,,,,,,,,,,,,,,,
1020100862495,adygeya,10.0,,,,,,,,,,,,,,,,,,
1020100864244,adygeya,10.0,,1258.0,1258.0,,709.0,,,1330.0,,,-1.0,,1.0,,,,0.0007518796992481203,0.0014104372355430183
1020100860372,adygeya,9.0,,,,,,,,,,,,,,,,,,
1020100861846,adygeya,10.0,,,,,,,,,,,,,,,,,,
1020100864035,adygeya,9.0,,545.0,545.0,,490.0,,,590.0,,,,,,,,,,
1020100863914,adygeya,9.0,,,,,,,,,,,,,,,,,,
1020100864266,adygeya,9.0,423.0,1001.0,,1001.0,1380.0,,,1424.0,14904.0,,-45.0,,153.0,,,,0.1074438202247191,0.1108695652173913
1050100511230,adygeya,9.0,,,,,,,,,,,,,,,,,,
1020100859514,adygeya,9.0,,,,,,,,,,,,,,,,,,
1020100859767,adygeya,9.0,48054.0,139686.0,7664.0,132010.0,47410.0,,,190470.0,16595.0,,-403.0,,-7063.0,,,,-0.03708195516354282,-0.1489770090698165
1020100862055,adygeya,9.0,,,,,,,,,,,,,,,,,,
1030100665253,adygeya,8.0,55837.0,28274.0,1412.0,26862.0,69429.0,277.0,,84138.0,53913.0,8092.0,,,6171.0,,,,0.07334379234115382,0.08888216739402843
1030100665650,adygeya,8.0,,,,,,,,,,,,,,,,,,
1030100667200,adygeya,8.0,,,,,,,,,,,,,,,,,,
1030100667354,adygeya,8.0,,,,,,,,,,,,,,,,,,
1030100667134,adygeya,8.0,,,,,,,,,,,,,,,,,,
1040100665241,adygeya,7.0,717.0,130.0,130.0,,-786.0,,,847.0,92.0,,,,-1768.0,,,,-2.0873671782762693,2.2493638676844783
1040100665274,adygeya,7.0,9824.0,11662.0,15.0,11645.0,19483.0,,,21486.0,23832.0,,-99.0,,5503.0,,,,0.25612026435818674,0.28245136785915925
1040100001798,adygeya,7.0,,,,,,,,,,,,,,,,,,
1040100001732,adygeya,7.0,,136.0,,,,,,136.0,,,,,,,,,,
1040100665329,adygeya,7.0,,,,,,,,,,,,,,,,,,
1040100665461,adygeya,7.0,,,,,,,,,,,,,,,,,,
1040100510482,adygeya,7.0,73600.0,55983.0,5280.0,47348.0,115850.0,24.0,,131208.0,84978.0,12954.0,,,13248.0,,,,0.10096945308212914,0.11435476909797151
1040100510581,adygeya,7.0,12722.0,10931.0,3075.0,7840.0,16388.0,,,26307.0,7610.0,,,,-2429.0,,,,-0.09233283916828221,-0.1482182084452038
1040100510856,adygeya,7.0,,233.0,169.0,62.0,-406.0,,,356.0,,,-6.0,,-58.0,,,,-0.16292134831460675,0.14285714285714285
1030100001425,adygeya,8.0,,,,,,,,,,,,,,,,,,
1020100510396,adygeya,10.0,,,,,,,,,,,,,,,,,,
1020100507019,adygeya,12.0,9202.0,27038.0,7682.0,11469.0,12758.0,,,39821.0,30384.0,,-428.0,,1712.0,,,,0.042992390949499006,0.13419031196112244
1020100509032,adygeya,18.0,,,,,,,,,,,,,,,,,,
1020100509098,adygeya,11.0,65636.0,60628.0,28422.0,32075.0,31694.0,,,127084.0,111743.0,,-6.0,,2937.0,,,,0.023110698435680338,0.09266738183883384
1020100509483,adygeya,12.0,981.0,21765.0,13008.0,4359.0,13790.0,,,22746.0,39370.0,,-132.0,,2899.0,,,,0.12745098039215685,0.21022480058013052
1020100508977,adygeya,11.0,,,,,,,,,,,,,,,,,,
1020100510946,adygeya,15.0,14951.0,42182.0,13693.0,18113.0,33877.0,12.0,,67435.0,110683.0,24487.0,,,-14342.0,,,,-0.21267887595462298,-0.42335507866694216
1020100508790,adygeya,12.0,1349.0,19503.0,3892.0,15519.0,2238.0,,,20852.0,27312.0,,-47.0,,307.0,,,,0.01472280836370612,0.13717605004468275
1020100510100,adygeya,12.0,43907.0,176900.0,41034.0,83019.0,30874.0,,,221990.0,411027.0,,-352.0,,1409.0,,,,0.0063471327537276455,0.04563710565524389
1020100509087,adygeya,15.0,110.0,537.0,537.0,,189.0,,,647.0,,,,,-4.0,,,,-0.0061823802163833074,-0.021164021164021163
1020100508900,adygeya,11.0,211.0,2063.0,1574.0,481.0,1484.0,,,2274.0,2044.0,,-300.0,,2.0,,,,0.0008795074758135445,0.0013477088948787063
1020100508922,adygeya,12.0,,,,,,,,,,,,,,,,,,
1020100509406,adygeya,10.0,9992.0,24844.0,6769.0,9523.0,9944.0,361.0,,36055.0,99558.0,37103.0,-462.0,,7849.0,,,,0.21769518790736375,0.789320193081255
1020100510055,adygeya,16.0,,,,,,,,,,,,,,,,,,
1020100508460,adygeya,16.0,,,,,,,,,,,,,,,,,,
1020100508515,adygeya,12.0,4228.0,13622.0,5927.0,7666.0,1552.0,,,17893.0,23385.0,,-14.0,,78.0,,,,0.004359246632761415,0.05025773195876289
1020100509109,adygeya,16.0,,,,,,,,,,,,,,,,,,
1020100509330,adygeya,11.0,,,,,,,,,,,,,,,,,,
1020100507932,adygeya,11.0,,,,,,,,,,,,,,,,,,
1020100508812,adygeya,9.0,151.0,863.0,619.0,244.0,19725.0,3783.0,,19954.0,,,,,-4.0,,,,-0.00020046106043900973,-0.00020278833967046894
1020100510033,adygeya,14.0,6377.0,12977.0,3911.0,5990.0,7382.0,526.0,,22889.0,43405.0,5107.0,-85.0,,141.0,,,,0.006160164271047228,0.019100514765646167
1020100508119,adygeya,13.0,,,,,,,,,,,,,,,,,,
1020100511199,adygeya,13.0,,,,,,,,,,,,,,,,,,
1020100508450,adygeya,12.0,,,,,,,,,,,,,,,,,,
1020100508944,adygeya,12.0,,,,,,,,,,,,,,,,,,
1020100510077,adygeya,12.0,,,,,,,,,,,,,,,,,,
1020100508120,adygeya,11.0,,,,,,,,,,,,,,,,,,
1020100510792,adygeya,11.0,,,,,,,,,,,,,,,,,,
1020100510770,adygeya,11.0,,,,,,,,,,,,,,,,,,
1020100509373,adygeya,11.0,,50.0,,50.0,50.0,,,50.0,,,,,,,,,,
1020100003032,adygeya,11.0,,,,,,,,,,,,,,,,,,
1020100508570,adygeya,10.0,,,,,,,,,,,,,,,,,,
1020100508207,adygeya,11.0,,,,,,,,,,,,,,,,,,
1020100511518,adygeya,10.0,,,,,,,,,,,,,,,,,,
1020100509110,adygeya,10.0,,,,,,,,,,,,,,,,,,
1020100509120,adygeya,10.0,,120.0,,120.0,120.0,,,120.0,1132.0,,-18.0,,110.0,,,,0.9166666666666666,0.9166666666666666
1020100509494,adygeya,10.0,,,,,,,,,,,,,,,,,,
1020100509219,adygeya,10.0,1292.0,,,,-2462.0,,,1292.0,,,,,-2415.0,,,,-1.8691950464396285,0.9809098294069862
1020100509527,adygeya,10.0,,6469.0,6447.0,,6056.0,,,32926.0,,,-50.0,,0.0,,,,0.0,0.0
1020100509384,adygeya,10.0,28.0,4375.0,4369.0,,3897.0,,,29580.0,,,-40.0,,0.0,,,,0.0,0.0
1020100509197,adygeya,10.0,,,,,,,,,,,,,,,,,,
1020100510572,adygeya,10.0,,7861.0,7840.0,,1266.0,,,8543.0,,,-5.0,,8.0,,,,0.0009364391899801006,0.00631911532385466
1020100510561,adygeya,10.0,,,,,,,,,,,,,,,,,,
1020100508306,adygeya,9.0,,458.0,6.0,429.0,285.0,,,458.0,5496.0,,-23.0,,94.0,,,,0.2052401746724891,0.3298245614035088
1020100507162,adygeya,9.0,,,,,,,,,,,,,,,,,,
1020100507976,adygeya,9.0,13721.0,2232.0,32.0,2200.0,-39077.0,10.0,,17549.0,5458.0,-1881.0,,,-2484.0,,,,-0.14154652686762778,0.06356680400235433
1020100511034,adygeya,9.0,,,,,,,,,,,,,,,,,,
1020100003318,adygeya,9.0,,,,,,,,,,,,,,,,,,
1030100507183,adygeya,8.0,,,,,,,,,,,,,,,,,,
1030100001106,adygeya,8.0,,4.0,,,,,,4.0,,,,,,,,,,
1030100510087,adygeya,8.0,,,,,,,,,,,,,,,,,,
1030100511066,adygeya,8.0,,,,,,,,,,,,,,,,,,
1030100511210,adygeya,8.0,,,,,,,,,,,,,,,,,,
1040100508360,adygeya,7.0,,,,,,,,,,,,,,,,,,
1040100509448,adygeya,7.0,,,,,,,,,,,,,,,,,,
1040100509745,adygeya,7.0,,,,,,,,,,,,,,,,,,
1040100510614,adygeya,7.0,,,,,,,,,,,,,,,,,,
1040100511450,adygeya,7.0,,,,,,,,,,,,,,,,,,
1040100511670,adygeya,7.0,,,,,,,,,,,,,,,,,,
1040100512650,adygeya,7.0,8654.0,6110.0,,6109.0,7688.0,,,14764.0,10099.0,,-78.0,,1223.0,,,,0.08283662963966405,0.15907908428720083
1040100518468,adygeya,7.0,,43.0,42.0,,-126.0,,,43.0,583.0,12.0,,,-2.0,,,,-0.046511627906976744,0.015873015873015872
1040100520481,adygeya,7.0,,,,,,,,,,,,,,,,,,
1020100701290,adygeya,11.0,613.0,241.0,9.0,95.0,753.0,,,854.0,2666.0,,-78.0,,513.0,,,,0.6007025761124122,0.6812749003984063
1020100706130,adygeya,13.0,108.0,2309.0,92.0,2217.0,1722.0,,,2417.0,2593.0,,-24.0,,69.0,,,,0.028547786512205214,0.04006968641114982
1020100693766,adygeya,13.0,,,,,,,,,,,,,,,,,,
1020100703710,adygeya,12.0,1848.0,3112.0,3072.0,,3612.0,,,4960.0,135.0,,-1.0,,4.0,,,,0.0008064516129032258,0.0011074197120708748
1020100710850,adygeya,11.0,,,,,,,,,,,,,,,,,,
1020100707681,adygeya,12.0,2695.0,9761.0,570.0,9150.0,10827.0,,,19281.0,10263.0,,,,-1188.0,,,,-0.06161506145946787,-0.10972568578553615
1020100699750,adygeya,10.0,,,,,,,,,,,,,,,,,,
1020100706955,adygeya,12.0,,,,,,,,,,,,,,,,,,
1020100711817,adygeya,11.0,18451.0,7586.0,1017.0,6161.0,12767.0,,,33927.0,15086.0,,,,2926.0,,,,0.08624399445869071,0.22918461658964517
1020100711366,adygeya,18.0,11603.0,20162.0,3617.0,14970.0,26401.0,,,31765.0,129758.0,,-470.0,,3520.0,,,,0.11081378876121517,0.1333282830195826
1020100697044,adygeya,19.0,,,,,,,,,,,,,,,,,,
1020100694008,adygeya,9.0,9372.0,2391.0,1445.0,945.0,9592.0,7.0,,12116.0,1821.0,234.0,-68.0,,991.0,,,,0.08179267084846484,0.10331526271893245
1020100709969,adygeya,11.0,11301.0,9276.0,189.0,9067.0,16279.0,,,20600.0,12207.0,,-162.0,,-317.0,,,,-0.015388349514563106,-0.01947294059831685
1020100696373,adygeya,10.0,44071.0,7392.0,745.0,6264.0,8743.0,,,51463.0,10357.0,,-11.0,,-2940.0,,,,-0.057128422361696754,-0.33626901521216973
1020100694602,adygeya,11.0,928.0,827.0,242.0,259.0,966.0,368.0,,1755.0,3147.0,2104.0,,,0.0,,,,0.0,0.0
1030100529568,adygeya,20.0,,,,,,,,,,,,,,,,,,
1020100703150,adygeya,12.0,,,,,,,,,,,,,,,,,,
1020100694448,adygeya,13.0,,91.0,,,75.0,,,91.0,1257.0,,-144.0,,129.0,,,,1.4175824175824177,1.72
1020100705162,adygeya,12.0,,,,,,,,,,,,,,,,,,
1020100698265,adygeya,18.0,,,,,,,,,,,,,,,,,,
1020100699464,adygeya,12.0,,,,,,,,,,,,,,,,,,
1020100703160,adygeya,19.0,,,,,,,,,,,,,,,,,,
1020100700498,adygeya,12.0,,,,,,,,,,,,,,,,,,
1020100697869,adygeya,12.0,,,,,,,,,,,,,,,,,,
1020100707769,adygeya,20.0,,,,,,,,,,,,,,,,,,
1020100699024,adygeya,19.0,14566.0,32972.0,29425.0,3144.0,16200.0,4.0,,47634.0,2540.0,-1636.0,,,-1850.0,,,,-0.03883780492925221,-0.11419753086419752
1020100707780,adygeya,19.0,,,,,,,,,,,,,,,,,,
1020100699640,adygeya,12.0,,,,,,,,,,,,,,,,,,
1020100696000,adygeya,13.0,,1683.0,388.0,1295.0,1719.0,,,3964.0,8663.0,,-32.0,,769.0,,,,0.19399596367305752,0.44735311227457825
1020100704788,adygeya,18.0,,,,,,,,,,,,,,,,,,
1020100702544,adygeya,11.0,,,,,,,,,,,,,,,,,,
1020100699410,krasnodar,11.0,,,,,,,,,,,,,,,,,,
1020100701928,adygeya,19.0,,,,,,,,,,,,,,,,,,
1020100704898,adygeya,18.0,,,,,,,,,,,,,,,,,,
1020100707846,adygeya,19.0,,,,,,,,,,,,,,,,,,
1020100695416,adygeya,12.0,,,,,,,,,,,,,,,,,,
1020100704920,adygeya,12.0,,,,,,,,,,,,,,,,,,
1020100696736,adygeya,13.0,4461.0,18765.0,375.0,16530.0,18909.0,,,23226.0,149376.0,,-562.0,,4706.0,,,,0.20261775596314474,0.2488761965201756
1030100535376,adygeya,8.0,2409.0,14356.0,1368.0,10050.0,15923.0,500.0,,16765.0,9633.0,2093.0,,,3777.0,,,,0.22529078437220398,0.2372040444639829
1020100695614,adygeya,12.0,6.0,8.0,8.0,,14.0,,,14.0,368.0,,-3.0,,84.0,,,,6.0,6.0
1020100694129,adygeya,9.0,,,,,,,,,,,,,,,,,,
1020100001921,adygeya,9.0,,1224.0,180.0,,,,1401.0,1445.0,,,-23.0,,195.0,,,,0.13494809688581316,
1020100706570,adygeya,11.0,163.0,75.0,12.0,,,,192.0,238.0,,,,,1.0,,,,0.004201680672268907,
1020100693744,adygeya,11.0,,,,,,,,,,,,,,,,,,
1020100699211,adygeya,12.0,,,,,,,,,,,,,,,,,,
1020100700883,adygeya,16.0,,,,,,,,,,,,,,,,,,
1020100695064,adygeya,17.0,,,,,,,,,,,,,,,,,,
1020100704678,adygeya,9.0,34532.0,27822.0,1850.0,25869.0,40795.0,2654.0,,146468.0,73383.0,2225.0,,,-15181.0,,,,-0.10364721304312205,-0.3721289373697757
1020100705790,adygeya,12.0,,,,,,,,,,,,,,,,,,
1020100708495,adygeya,9.0,,,,,,,,,,,,,,,,,,
1020100702357,adygeya,12.0,31.0,2950.0,583.0,2360.0,2468.0,,,2981.0,4063.0,,-28.0,,524.0,,,,0.17577993961757798,0.21231766612641814
1020100705822,adygeya,12.0,,,,,,,,,,,,,,,,,,
1110105002380,adygeya,17.0,,,,,,,,,,,,,,,,,,
1120105001400,adygeya,20.0,,,,,,,,,,,,,,,,,,
1020100695779,adygeya,19.0,,,,,,,,,,,,,,,,,,
1020100699046,adygeya,12.0,,,,,,,,,,,,,,,,,,
1110105000125,adygeya,20.0,,,,,,,,,,,,,,,,,,
1020100703347,adygeya,12.0,,,,,,,,,,,,,,,,,,
1110105001676,adygeya,11.0,,,,,,,,,,,,,,,,,,
1020100694712,adygeya,18.0,,,,,,,,,,,,,,,,,,
1020100698683,adygeya,16.0,,,,,,,,,,,,,,,,,,
1020100693887,adygeya,16.0,6.0,580.0,17.0,552.0,-279.0,44.0,18.0,586.0,5377.0,1100.0,,,-130.0,,,,-0.22184300341296928,0.4659498207885305
1020100694020,adygeya,16.0,102.0,544.0,2.0,526.0,204.0,44.0,10.0,646.0,7849.0,1401.0,-30.0,30.0,40.0,,,,0.06191950464396285,0.19607843137254902
1020100699552,adygeya,16.0,210.0,201.0,2.0,174.0,315.0,44.0,14.0,411.0,4435.0,1081.0,-19.0,,10.0,,,,0.024330900243309004,0.031746031746031744
1020100699717,adygeya,16.0,5.0,152.0,3.0,144.0,150.0,61.0,4.0,157.0,1193.0,299.0,-9.0,,16.0,,,,0.10191082802547771,0.10666666666666667
1020100695152,adygeya,12.0,,,,,,,,,,,,,,,,,,
1020100705459,adygeya,16.0,,,,,-1.0,,,,,,,,,,,,,
1020100698705,adygeya,12.0,,126.0,1.0,119.0,-8.0,,,126.0,4017.0,,,,-112.0,,,,-0.8888888888888888,14.0
1020100702731,adygeya,17.0,,,,,,,,,,,,,,,,,,
1020100710486,adygeya,19.0,,,,,,,,,,,,,,,,,,
1020100694184,moscow reg.,20.0,,,,,,,,,,,,,,,,,,
1030100544407,adygeya,18.0,,,,,,,,,,,,,,,,,,
1020100706889,adygeya,19.0,,1.0,,,1.0,,,1.0,,,,,,,,,,
1020100699651,adygeya,15.0,,,,,,,,,,,,,,,,,,
1020100698485,adygeya,11.0,,,,,,,,,,,,,,,,,,
1020100698243,adygeya,16.0,,,,,-345.0,,,,,,,,,,,,,
1020100698408,adygeya,16.0,,,,,,,,,,,,,,,,,,
1020100703721,adygeya,15.0,,,,,,,,,,,,,,,,,,
1020100703171,adygeya,14.0,7388.0,2288.0,708.0,1576.0,1482.0,,,9720.0,18274.0,,-237.0,,24.0,,,,0.0024691358024691358,0.016194331983805668
1020100696340,adygeya,13.0,83.0,3870.0,898.0,2951.0,3582.0,,,3953.0,9909.0,,-58.0,,468.0,,,,0.1183910953706046,0.1306532663316583
1020100695086,adygeya,15.0,,,,,,,,,,,,,,,,,,
1020100700190,moscow city,15.0,,,,,,,,,,,,,,,,,,
1020100712400,adygeya,15.0,,,,,,,,,,,,,,,,,,
1030100529700,adygeya,15.0,53519.0,3540.0,2263.0,489.0,-1032.0,11135.0,,57059.0,16731.0,6360.0,-45.0,,38.0,,,,0.0006659773217196236,-0.03682170542635659
1020100699189,adygeya,12.0,3249.0,2607.0,1098.0,1197.0,1722.0,,,5856.0,27122.0,,-25.0,,-46.0,,,,-0.007855191256830601,-0.026713124274099883
1020100695603,adygeya,15.0,,,,,,,,,,,,,,,,,,
1020100696934,adygeya,14.0,,,,,,,,,,,,,,,,,,
1020100701213,adygeya,15.0,18.0,32.0,31.0,1.0,-507.0,,,292.0,1012.0,,-31.0,,344.0,,,,1.178082191780822,-0.6785009861932939
1020100701807,adygeya,14.0,,,,,,,,,,,,,,,,,,
1020100704744,adygeya,12.0,,,,,,,,,,,,,,,,,,
1190105000788,adygeya,19.0,,,,,,,,,,,,,,,,,,
1020100695185,adygeya,14.0,,24.0,,24.0,-591.0,,,24.0,651.0,,-24.0,,-56.0,,,,-2.3333333333333335,0.09475465313028765
1020100700245,adygeya,14.0,,528.0,252.0,276.0,243.0,,,528.0,1369.0,,-67.0,,2.0,,,,0.003787878787878788,0.00823045267489712
1020100697880,adygeya,14.0,12.0,792.0,5.0,779.0,721.0,,,804.0,1406.0,,-22.0,,459.0,,,,0.5708955223880597,0.636615811373093
1180105001493,adygeya,14.0,,,,,,,,,,,,,,,,,,
1020100700290,adygeya,13.0,,,,,,,,,,,,,,,,,,
1020100703237,adygeya,16.0,,,,,,,,,,,,,,,,,,
1020100698860,adygeya,12.0,,,,,,,,,,,,,,,,,,
1110105002391,adygeya,13.0,,,,,,,,,,,,,,,,,,
1020100709793,adygeya,13.0,,,,,,,,,,,,,,,,,,
1020100702049,adygeya,12.0,5503.0,6082.0,4170.0,189.0,11772.0,,,12642.0,109.0,,-5.0,,-2511.0,,,,-0.1986236355007119,-0.21330275229357798
1020100701037,adygeya,13.0,,,,,,,,,,,,,,,,,,
1020100708099,adygeya,13.0,,,,,,,,,,,,,,,,,,
1020100704161,adygeya,13.0,,240.0,,240.0,130.0,,,240.0,1080.0,,-16.0,,19.0,,,,0.07916666666666666,0.14615384615384616
1020100694305,adygeya,13.0,14224.0,74352.0,61143.0,8172.0,4800.0,,,88576.0,264702.0,,-100.0,,401.0,,,,0.0045271856936416185,0.08354166666666667
1020100703226,adygeya,12.0,,,,,,,,,,,,,,,,,,
1020100706196,adygeya,12.0,,,,,,,,,,,,,,,,,,
1020100706120,adygeya,12.0,578.0,88.0,,88.0,-755.0,326.0,,666.0,2821.0,-67.0,-215.0,,-723.0,,,,-1.0855855855855856,0.9576158940397351
1020100699453,adygeya,12.0,,,,,,,,,,,,,,,,,,
1020100702247,adygeya,12.0,,,,,,,,,,,,,,,,,,
1020100710079,adygeya,12.0,,,,,,,,,,,,,,,,,,
1020100694316,adygeya,12.0,2356.0,15618.0,2113.0,13463.0,8280.0,,,17974.0,75119.0,,-501.0,,1115.0,,,,0.062034049182151996,0.13466183574879226
1020100705360,adygeya,12.0,371.0,2889.0,347.0,2540.0,1502.0,,,3260.0,19459.0,,-143.0,,307.0,,,,0.09417177914110429,0.20439414114513982
1020100709705,adygeya,12.0,,,,,,,,,,,,,,,,,,
1020100701774,adygeya,12.0,2161.0,5970.0,2492.0,3468.0,10395.0,,,11014.0,9834.0,,-826.0,,4727.0,,,,0.42918104230978754,0.4547378547378547
1020100705349,karachaevo-chercessia,12.0,,,,,,,,,,,,,,,,,,
1020100699805,adygeya,12.0,,3023.0,1002.0,1925.0,-1381.0,,,3023.0,,,,,,,,,,
1180105002538,adygeya,11.0,,,,,,,,,,,,,,,,,,
1020100711498,adygeya,11.0,,,,,,,,,,,,,,,,,,
1110105001489,adygeya,11.0,,,,,,,,,,,,,,,,,,
1020100706339,adygeya,11.0,,,,,,,,,,,,,,,,,,
1020100699607,adygeya,11.0,,,,,,,,,,,,,,,,,,
1030100542614,adygeya,11.0,,,,,,,,,,,,,,,,,,
1020100696571,adygeya,11.0,,,,,,,,,,,,,,,,,,
1020100706031,adygeya,11.0,,,,,,,,,,,,,,,,,,
1020100703787,adygeya,14.0,,,,,,,,,,,,,,,,,,
1020100710288,adygeya,15.0,,,,,,,,,,,,,,,,,,
1020100710651,adygeya,14.0,,,,,,,,,,,,,,,,,,
1020100704942,adygeya,15.0,,,,,,,,,,,,,,,,,,
1020100694151,adygeya,11.0,,,,,,,,,,,,,,,,,,
1020100706713,adygeya,10.0,,,,,,,,,,,,,,,,,,
1020100706086,adygeya,10.0,,,,,,,,,,,,,,,,,,
1020100708760,adygeya,10.0,,,,,,,,,,,,,,,,,,
1020100002845,adygeya,10.0,54.0,1.0,,,,,-19.0,55.0,,,,,,,,,,
1020100706460,adygeya,10.0,,,,,,,,,,,,,,,,,,
1020100705866,adygeya,10.0,,,,,,,,,,,,,,,,,,
1020100696824,adygeya,10.0,,2275.0,,2251.0,2045.0,,,2275.0,3943.0,,-124.0,,887.0,,,,0.3898901098901099,0.4337408312958435
1020100698672,adygeya,10.0,,,,,,,,,,,,,0.0,,,,,
1020100709914,adygeya,10.0,,301.0,301.0,,,,,301.0,,,,,,,,,,
1110100000086,adygeya,10.0,,,,,,,,,,,,,,,,,,
1020100702489,adygeya,10.0,,,,,,,,,,,,,,,,,,
1020100002515,adygeya,10.0,,19.0,19.0,,,,,19.0,,,,,0.0,,,,0.0,
1020100703732,adygeya,10.0,4842.0,3043.0,112.0,2674.0,4087.0,,,7885.0,17428.0,,-5.0,,21.0,,,,0.002663284717818643,0.005138243210178615
1020100693106,adygeya,10.0,,,,,,,,,,,,,,,,,,
1020100706735,adygeya,10.0,,,,,,,,,,,,,,,,,,
1020100707087,adygeya,10.0,,,,,,,,,,,,,,,,,,
1020100707098,adygeya,10.0,,,,,,,,,,,,,,,,,,
1030100530382,adygeya,10.0,,,,,,,,,,,,,,,,,,
1020100704755,adygeya,10.0,,,,,,,,,,,,,,,,,,
1020100709133,adygeya,10.0,,,,,,,,,,,,,,,,,,
1020100695944,adygeya,10.0,,,,,,,,,,,,,,,,,,
1020100694690,adygeya,10.0,2714.0,1734.0,,1734.0,3772.0,,,4448.0,276.0,,,,168.0,,,,0.03776978417266187,0.044538706256627786
1020100704337,adygeya,10.0,21.0,1499.0,1400.0,36.0,1051.0,,,3773.0,,,,,3.0,,,,0.0007951232441028359,0.0028544243577545195
1020100706867,adygeya,9.0,,,,,,,,,,,,,,,,,,
1020100708781,adygeya,10.0,,,,,,,,,,,,,,,,,,
1020100704128,adygeya,10.0,,,,,,,,,,,,,,,,,,
1020100708539,adygeya,10.0,,,,,,,,,,,,,,,,,,
1020100701169,adygeya,10.0,,,,,,,,,,,,,,,,,,
1020100712367,adygeya,9.0,,,,,,,,,,,,,,,,,,
1020100697088,adygeya,9.0,,,,,,,,,,,,,,,,,,
1020100712390,adygeya,9.0,,,,,,,,,,,,,,,,,,
1020100703270,adygeya,9.0,,,,,,,,,,,,,,,,,,
1020100703204,adygeya,9.0,,,,,,,,,,,,,,,,,,
1020100695317,adygeya,9.0,,31.0,,31.0,-3.0,,,40.0,,,,,,,,,,
1020100695482,adygeya,9.0,,,,,,,,,,,,,,,,,,
1020100705888,adygeya,9.0,,39.0,39.0,,31.0,,,39.0,213.0,,-5.0,,0.0,,,,0.0,0.0
1020100693348,adygeya,9.0,5262.0,16268.0,9587.0,6149.0,276.0,,,21530.0,46780.0,,-256.0,,-201.0,,,,-0.009335810496980956,-0.7282608695652174
1020100711840,adygeya,9.0,,,,,,,,,,,,,,,,,,
1020100708880,adygeya,9.0,,,,,,,,,,,,,,,,,,
1020100693250,adygeya,9.0,,,,,,,,,,,,,,,,,,
1020100697077,adygeya,9.0,,,,,,,,,,,,,,,,,,
1020100700828,adygeya,9.0,,,,,,,,,,,,,,,,,,
1020100701125,adygeya,9.0,3092.0,23092.0,15108.0,7976.0,-9070.0,,,33665.0,30936.0,,-615.0,,-5605.0,,,,-0.1664933907619189,0.6179713340683572
1020100703105,adygeya,9.0,,,,,,,,,,,,,,,,,,
1020100703633,adygeya,9.0,,,,,,,,,,,,,,,,,,
1020100704106,adygeya,9.0,,,,,,,,,,,,,,,,,,
1030100529436,adygeya,8.0,,,,,,,,,,,,,,,,,,
1030100000260,adygeya,8.0,,,,,,,,,,,,,,,,,,
1030100530657,adygeya,8.0,,,,,,,,,,,,,,,,,,
1030100533187,adygeya,8.0,,,,,,,,,,,,,,,,,,
1030100533286,adygeya,8.0,,,,,,,,,,,,,,,,,,
1030100533385,adygeya,8.0,,,,,,,,,,,,,,,,,,
1030100533803,adygeya,8.0,,80.0,,,,,6.0,80.0,2577.0,,,,0.0,,,,0.0,
1030100535398,adygeya,8.0,,,,,,,,,,,,,,,,,,
1030100540887,adygeya,8.0,,,,,,,,,,,,,,,,,,
1040100535375,adygeya,7.0,775.0,8840.0,6682.0,1198.0,7387.0,,,9644.0,92547.0,,-1458.0,,5834.0,,,,0.6049357113231024,0.7897658047922025
1040100538048,adygeya,7.0,,,,,,,,,,,,,,,,,,
1040100540083,adygeya,7.0,,,,,,,,,,,,,,,,,,
1040100543438,adygeya,7.0,,,,,,,,,,,,,,,,,,
1040100545429,adygeya,7.0,,,,,,,,,,,,,,,,,,
1040100551215,adygeya,7.0,4706.0,196.0,,187.0,2069.0,,,7764.0,5735.0,,-69.0,,2059.0,,,,0.26519835136527564,0.9951667472208796
1040100551226,adygeya,7.0,,,,,,,,,,,,,,,,,,
1040100553129,adygeya,7.0,645.0,232.0,157.0,75.0,-1978.0,100.0,,877.0,2640.0,1496.0,-116.0,,464.0,,,,0.5290763968072976,-0.2345803842264914
1050100533108,adygeya,6.0,,,,,,,,,,,,,,,,,,
1050100535121,adygeya,6.0,,,,,,,,,,,,,,,,,,
1050100540335,adygeya,6.0,,,,,,,,,,,,,,,,,,
1050100541853,adygeya,6.0,,10.0,,10.0,10.0,,,10.0,,,,,,,,,,
1050100542975,adygeya,6.0,,6288.0,953.0,5330.0,6254.0,,,6288.0,24888.0,,-15.0,,459.0,,,,0.07299618320610687,0.07339302846178446
1050100543030,adygeya,6.0,,,,,,,,,,,,,,,,,,
1050100546870,adygeya,6.0,15.0,1689.0,2.0,1674.0,10.0,10.0,,1704.0,,,,,,,,,,
1050100555669,adygeya,6.0,,,,,,,,,,,,,,,,,,
1050100556538,adygeya,6.0,,,,,,,,,,,,,,,,,,
1050100560443,adygeya,6.0,,,,,,,,,,,,,,,,,,
1050100561862,adygeya,6.0,,,,,,,,,,,,,,,,,,
1050100573610,adygeya,6.0,79.0,91.0,15.0,72.0,-30.0,,,170.0,146.0,,,,0.0,,,,0.0,-0.0
1050100573665,adygeya,6.0,19.0,390.0,234.0,144.0,-1153.0,,,409.0,1122.0,,-34.0,,-336.0,,,,-0.8215158924205379,0.29141370338248046
1050100007231,adygeya,6.0,,,,,,,,,,,,,,,,,,
1050100577340,adygeya,6.0,,,,,,,,,,,,,,,,,,
1050100577317,adygeya,6.0,,,,,,,,,,,,,,,,,,
1050100578835,adygeya,6.0,6151.0,3680.0,,3679.0,6275.0,,,9831.0,23088.0,,-180.0,,2531.0,,,,0.2574509205574204,0.40334661354581675
1050100580199,adygeya,6.0,,198.0,,,198.0,,,198.0,,,,,,,,,,
1060105003287,adygeya,5.0,,,,,,,,,,,,,,,,,,
1060105003672,adygeya,5.0,29196.0,12979.0,,12703.0,2217.0,,,54736.0,2964.0,,,,1660.0,,,,0.030327389652148495,0.7487595850248083
1060105005531,adygeya,5.0,,,,,,,,,,,,,,,,,,
1060105005993,adygeya,5.0,,,,,,,,,,,,,,,,,,
1060105008336,adygeya,5.0,16.0,1732.0,1422.0,310.0,1743.0,,,1748.0,3570.0,,-20.0,,352.0,,,,0.20137299771167047,0.2019506597819851
1060105008567,adygeya,5.0,,231.0,175.0,56.0,39.0,,,525.0,576.0,,-12.0,,29.0,,,,0.05523809523809524,0.7435897435897436
1060105011064,adygeya,5.0,,502.0,489.0,,437.0,,,502.0,6510.0,,-137.0,,427.0,,,,0.850597609561753,0.977116704805492
1060105013858,adygeya,5.0,,,,,,,,,,,,,,,,,,
1060105014012,adygeya,5.0,,,,,,,,,,,,,,,,,,
1060105013990,adygeya,5.0,70.0,6762.0,2602.0,4160.0,6807.0,,,6832.0,11678.0,,-15.0,,2241.0,,,,0.3280152224824356,0.32921992066989864
1060105014188,adygeya,5.0,,,,,,,,,,,,,,,,,,
1060105014310,adygeya,5.0,42.0,1760.0,,1760.0,1157.0,,,1802.0,6574.0,,-12.0,,1071.0,,,,0.5943396226415094,0.9256698357821953
1060105014420,adygeya,5.0,,,,,,,,,,,,,,,,,,
1060105014419,adygeya,5.0,92.0,272.0,,270.0,314.0,,,364.0,2058.0,,-20.0,,5.0,,,,0.013736263736263736,0.01592356687898089
1060105014507,adygeya,5.0,,,,,,,,,,,,,,,,,,
1060105014650,adygeya,5.0,,551.0,,548.0,223.0,,,551.0,1565.0,,-12.0,,32.0,,,,0.05807622504537205,0.14349775784753363
1060105014595,adygeya,5.0,4.0,646.0,465.0,181.0,182.0,,,650.0,1783.0,,-12.0,,-770.0,,,,-1.1846153846153846,-4.230769230769231
1060105014837,adygeya,5.0,,248.0,122.0,126.0,15.0,,,248.0,2024.0,,-42.0,,-10.0,,,,-0.04032258064516129,-0.6666666666666666
1060105014826,adygeya,5.0,,,,,,,,,,,,,,,,,,
1060105014903,adygeya,5.0,,5274.0,364.0,4895.0,3239.0,,,5274.0,9838.0,,-200.0,,425.0,,,,0.08058399696624953,0.1312133374498302
1060105014947,adygeya,5.0,,,,,,,,,,,,,,,,,,
1060105015112,adygeya,5.0,,333.0,,333.0,235.0,,,333.0,3377.0,,-12.0,,-15.0,,,,-0.04504504504504504,-0.06382978723404255
1060105015101,adygeya,5.0,,224.0,202.0,,211.0,,,224.0,4003.0,,-68.0,,201.0,,,,0.8973214285714286,0.95260663507109
1060105015156,adygeya,5.0,,21.0,,21.0,11.0,,,21.0,720.0,,-9.0,,-148.0,,,,-7.0476190476190474,-13.454545454545455
1060105015365,adygeya,5.0,258.0,1221.0,7.0,1214.0,1080.0,,,1479.0,8002.0,,-32.0,,494.0,,,,0.33400946585530766,0.45740740740740743
1060105015354,adygeya,5.0,,10.0,,,10.0,,,10.0,,,,,,,,,,
1060105015761,adygeya,5.0,113.0,435.0,55.0,377.0,-315.0,,,548.0,841.0,,-25.0,,-356.0,,,,-0.6496350364963503,1.1301587301587301
1060105015750,adygeya,5.0,,78.0,,78.0,77.0,,,78.0,,,,,,,,,,
1060105016124,adygeya,5.0,,,,,,,,,,,,,,,,,,
1060105016234,adygeya,5.0,,,,,,,,,,,,,,,,,,
1060105016311,adygeya,5.0,,,,,,,,,,,,,,,,,,
1060105016355,adygeya,5.0,,,,,,,,,,,,,,,,,,
1060100000685,adygeya,5.0,,,,,,,,,,,,,,,,,,
1060105016685,adygeya,5.0,45395.0,13145.0,2454.0,9111.0,1078.0,20.0,,60525.0,77002.0,10001.0,-323.0,,339.0,,,,0.0056009913258983895,0.3144712430426716
1060105016674,adygeya,5.0,,,,,,,,,,,,,,,,,,
1060105016828,adygeya,5.0,,,,,,,,,,,,,,,,,,
1060100000729,adygeya,5.0,,,,,,,,,,,,,,,,,,
1060105017015,adygeya,5.0,13.0,4666.0,983.0,3671.0,4627.0,,,4679.0,9663.0,,-29.0,,751.0,,,,0.16050438127805086,0.16230819105251784
1060105017070,adygeya,5.0,26.0,237.0,100.0,135.0,106.0,,,263.0,1438.0,,-7.0,,5.0,,,,0.019011406844106463,0.04716981132075472
1060105017147,adygeya,5.0,,,,,,,,,,,,,,,,,,
1060105017433,adygeya,5.0,,,,,,,,,,,,,,,,,,
1060105017610,adygeya,5.0,18.0,2.0,,,20.0,,,20.0,,,,,,,,,,
1060105017719,adygeya,5.0,,77.0,76.0,,10.0,,,77.0,,,,,,,,,,
1060105017774,adygeya,5.0,,,,,,,,,,,,,,,,,,
1060105017884,adygeya,5.0,,,,,,,,,,,,,,,,,,
1060105018027,adygeya,5.0,,,,,,,,,,,,,,,,,,
1060105018104,adygeya,5.0,2450.0,4155.0,1650.0,454.0,-33033.0,100.0,,20820.0,16.0,-726.0,,,-6004.0,,,,-0.2883765609990394,0.18175763630309086
1060100000850,adygeya,5.0,,133.0,,,,,,133.0,,,,,,,,,,
1060105018423,adygeya,5.0,,,,,,,,,,,,,,,,,,
1060105018456,adygeya,5.0,434.0,7241.0,4172.0,2925.0,-7287.0,,,30422.0,,,,,,,,,,
1070105000525,adygeya,4.0,,,,,,,,,,,,,,,,,,
1070105000547,adygeya,4.0,,,,,,,,,,,,,,,,,,
1070105000712,adygeya,4.0,,,,,,,,,,,,,,,,,,
1070105000800,adygeya,4.0,,,,,,,,,,,,,,,,,,
1070105001174,adygeya,4.0,10.0,517.0,,517.0,505.0,,,527.0,4479.0,,-12.0,,133.0,,,,0.2523719165085389,0.2633663366336634
1070105001295,adygeya,4.0,,618.0,423.0,,-774.0,,,875.0,,,-47.0,,-1362.0,,,,-1.5565714285714285,1.7596899224806202
1070105001361,adygeya,4.0,,,,,,,,,,,,,,,,,,
1070105001306,adygeya,4.0,,,,,,,,,,,,,,,,,,
1070105001493,adygeya,4.0,,,,,,,,,,,,,,,,,,
1070105001515,adygeya,4.0,,157.0,,156.0,114.0,,,157.0,925.0,,-2.0,,4.0,,,,0.025477707006369428,0.03508771929824561
1070105001592,adygeya,4.0,,,,,,,,,,,,,,,,,,
1070100000332,adygeya,4.0,,,,,,,,,,,,,,,,,,
1070105001922,adygeya,4.0,,,,,,,,,,,,,,,,,,
1070105002120,adygeya,4.0,,,,,,,,,,,,,,,,,,
1070105002153,adygeya,4.0,,,,,,,,,,,,,,,,,,
1070105002263,adygeya,4.0,,,,,,,,,,,,,,,,,,
1070105002252,adygeya,4.0,,,,,,,,,,,,,,,,,,
1070105002197,adygeya,4.0,,,,,,,,,,,,,,,,,,
1070105002241,adygeya,4.0,,,,,,,,,,,,,,,,,,
1070105002329,adygeya,4.0,1758.0,6095.0,,5995.0,6263.0,10.0,491.0,7853.0,3859.0,1610.0,-97.0,,1513.0,,,,0.19266522348147205,0.24157751876097716
1070105002362,adygeya,4.0,,,,,,,,,,,,,,,,,,
1070105002428,adygeya,4.0,,,,,,,,,,,,,,,,,,
1070105002450,adygeya,4.0,,236.0,223.0,13.0,235.0,,,236.0,690.0,,,,151.0,,,,0.6398305084745762,0.6425531914893617
1070105002494,adygeya,4.0,,,,,,,,,,,,,,,,,,
1070105002516,adygeya,4.0,,,,,,,,,,,,,,,,,,
1070100000410,adygeya,4.0,,1147.0,9.0,,,,8.0,1147.0,,,,,,,,,,
1070105002550,adygeya,4.0,,,,,,,,,,,,,,,,,,
1070105002626,adygeya,4.0,,,,,,,,,,,,,,,,,,
1070105002770,adygeya,4.0,,,,,-39.0,,,,,,,,,,,,,
1070105002879,adygeya,4.0,,,,,,,,,,,,,,,,,,
1070105003044,adygeya,4.0,,296.0,,286.0,296.0,,,296.0,2786.0,,-5.0,,247.0,,,,0.8344594594594594,0.8344594594594594
1070105003121,adygeya,4.0,,,,,,,,,,,,,,,,,,
1070105003176,adygeya,4.0,,,,,,,,,,,,,,,,,,
1070105003220,adygeya,4.0,,,,,,,,,,,,,,,,,,
1070105003286,adygeya,4.0,,,,,,,,,,,,,,,,,,
1070105003396,adygeya,4.0,,,,,,,,,,,,,,,,,,
1070105003517,adygeya,4.0,,,,,,,,,,,,,,,,,,
1070105003715,adygeya,4.0,,,,,,,,,,,,,,,,,,
1070105003759,adygeya,4.0,11.0,,,,11.0,,,11.0,,,,,,,,,,
1070105003825,adygeya,4.0,,,,,,,,,,,,,,,,,,
1070105003847,adygeya,4.0,,,,,,,,,,,,,,,,,,
1070105003935,adygeya,4.0,,10.0,5.0,,10.0,,,10.0,,,,,,,,,,
1070105003979,adygeya,4.0,,,,,,,,,,,,,,,,,,
1070105004001,adygeya,4.0,,,,,,,,,,,,,,,,,,
1070105004078,adygeya,4.0,,,,,,,,,,,,,,,,,,
1070105004122,adygeya,4.0,,,,,,,,,,,,,,,,,,
1070105004188,adygeya,4.0,,10.0,,10.0,10.0,,,10.0,138.0,,,,14.0,,,,1.4,1.4
1070105004254,adygeya,4.0,,,,,,,,,,,,,,,,,,
1080105000040,stavropol,3.0,,,,,,,,,,,,,,,,,,
1080105000062,adygeya,3.0,,,,,,,,,,,,,,,,,,
1080105000128,adygeya,3.0,,,,,,,,,,,,,,,,,,
1080105000216,adygeya,3.0,1265.0,1569.0,632.0,853.0,2517.0,872.0,,2866.0,8138.0,132.0,,,132.0,,,,0.046057222609909285,0.052443384982121574
1080105000227,adygeya,3.0,,,,,,,,,,,,,,,,,,
1080105000238,adygeya,3.0,,,,,,,,,,,,,,,,,,
1080105000249,adygeya,3.0,,,,,,,,,,,,,,,,,,
1080105000260,adygeya,3.0,,,,,,,,,,,,,,,,,,
1080105000304,adygeya,3.0,,10.0,,,10.0,,,10.0,,,,,,,,,,
1080105000403,adygeya,3.0,,,,,,,,,,,,,,,,,,
1080105000436,adygeya,3.0,,,,,,,,,,,,,,,,,,
1080105000458,adygeya,3.0,10.0,,,,10.0,,,10.0,,,,,,,,,,
1080105000535,adygeya,3.0,,,,,,,,,,,,,,,,,,
1080105000612,adygeya,3.0,,,,,,,,,,,,,,,,,,
1080105000623,adygeya,3.0,,,,,,,,,,,,,,,,,,
1080100000056,adygeya,3.0,,,,,,,,,,,,,,,,,,
1080105001382,adygeya,3.0,,1000.0,1000.0,,1000.0,,,1000.0,,,,,,,,,,
1080105001613,adygeya,3.0,,,,,,,,,,,,,,,,,,
1080105001624,adygeya,3.0,,,,,,,,,,,,,,,,,,
1080100000111,adygeya,3.0,,,,,,,,,,,,,,,,,,
1080105001745,adygeya,3.0,,157.0,31.0,126.0,15.0,,,157.0,1061.0,,-20.0,,13.0,,,,0.08280254777070063,0.8666666666666667
1080105001778,adygeya,3.0,,,,,,,,,,,,,,,,,,
1080105001790,adygeya,3.0,,,,,,,,,,,,,,,,,,
1080105001822,adygeya,3.0,,,,,,,,,,,,,,,,,,
1080105001900,adygeya,3.0,,,,,,,,,,,,,,,,,,
1080105001954,adygeya,3.0,,,,,,,,,,,,,,,,,,
1080105002075,adygeya,3.0,2980.0,23832.0,23684.0,111.0,2164.0,,,53190.0,,,-2.0,,9.0,,,,0.00016920473773265651,0.004158964879852125
1080105002086,adygeya,3.0,,,,,,,,,,,,,,,,,,
1080105002120,adygeya,3.0,,,,,,,,,,,,,,,,,,
1080105002493,adygeya,3.0,,127.0,,118.0,79.0,,,127.0,421.0,,-3.0,,69.0,,,,0.5433070866141733,0.8734177215189873
1080105002559,adygeya,3.0,105.0,431.0,11.0,411.0,261.0,,,536.0,4623.0,,-122.0,,63.0,,,,0.11753731343283583,0.2413793103448276
1080105002537,adygeya,3.0,,,,,,,,,,,,,,,,,,
1080105002647,adygeya,3.0,,,,,,,,,,,,,,,,,,
1080105002636,kabardino-balkaria,3.0,,,,,,,,,,,,,,,,,,
1080105002713,adygeya,3.0,,,,,,,,,,,,,,,,,,
1080105002779,adygeya,3.0,,,,,,,,,,,,,,,,,,
1080105002823,adygeya,3.0,,5.0,,5.0,5.0,,,5.0,,,,,,,,,,
1080105002867,adygeya,3.0,,,,,,,,,,,,,,,,,,
1080105002890,adygeya,3.0,,,,,,,,,,,,,,,,,,
1080105002922,adygeya,3.0,,,,,,,,,,,,,,,,,,
1080105002933,adygeya,3.0,,,,,,,,,,,,,,,,,,
1080105002955,adygeya,3.0,,,,,,,,,,,,,,,,,,
1080105003263,adygeya,3.0,,,,,,,,,,,,,,,,,,
1080105003329,adygeya,3.0,,,,,,,,,,,,,,,,,,
1080105003340,adygeya,3.0,832.0,3220.0,340.0,2658.0,64.0,,,4052.0,14082.0,,-65.0,,-904.0,,,,-0.22309970384995065,-14.125
1080105003384,adygeya,3.0,,,,,,,,,,,,,,,,,,
1080105003428,adygeya,3.0,,,,,,,,,,,,,,,,,,
1080105003538,adygeya,3.0,,,,,,,,,,,,,,,,,,
1080105003549,adygeya,3.0,,,,,,,,,,,,,,,,,,
1080105003571,adygeya,3.0,,,,,,,,,,,,,,,,,,
1080105003660,adygeya,3.0,,,,,,,,,,,,,,,,,,
1080105003692,adygeya,3.0,,,,,,,,,,,,,,,,,,
1080105003681,adygeya,3.0,,,,,,,,,,,,,,,,,,
1080105003703,adygeya,3.0,117.0,51.0,,16.0,17.0,,,168.0,7728.0,,-32.0,,0.0,,,,0.0,0.0
1080105003725,adygeya,3.0,10.0,992.0,,992.0,1002.0,,,1002.0,12159.0,,-41.0,,1002.0,,,,1.0,1.0
1080105003736,adygeya,3.0,,,,,,,,,,,,,,,,,,
1080105003967,adygeya,3.0,20.0,97.0,49.0,29.0,49.0,,,117.0,,,,,4.0,,,,0.03418803418803419,0.08163265306122448
1080105003990,adygeya,3.0,2054.0,4453.0,1246.0,3164.0,3318.0,,,6507.0,82321.0,,-147.0,,383.0,,,,0.05885968956508376,0.11543098251959011
1080105004066,adygeya,3.0,,,,,,,,,,,,,,,,,,
1080105004077,adygeya,3.0,,,,,,,,,,,,,,,,,,
1080105004187,adygeya,3.0,,,,,,,,,,,,,,,,,,
1080105004308,adygeya,3.0,,,,,,,,,,,,,,,,,,
1080105004319,adygeya,3.0,,,,,,,,,,,,,,,,,,
1080105004374,adygeya,3.0,,,,,,,,,,,,,,,,,,
1080105004407,adygeya,3.0,,,,,,,,,,,,,,,,,,
1080105004440,adygeya,3.0,,,,,,,,,,,,,,,,,,
1080105004484,adygeya,3.0,,,,,,,,,,,,,,,,,,
1080105004495,adygeya,3.0,841.0,4153.0,3422.0,730.0,2359.0,,,4994.0,7988.0,,,,1992.0,,,,0.3988786543852623,0.8444256040695209
1090105000028,adygeya,2.0,,2136.0,1966.0,170.0,1426.0,,,2136.0,3540.0,,-15.0,,505.0,,,,0.23642322097378277,0.3541374474053296
1090105000050,adygeya,2.0,,,,,-152.0,,,,166.0,,,,0.0,,,,,-0.0
1090105000083,adygeya,2.0,,,,,,,,,,,,,,,,,,
1090105000094,adygeya,2.0,,,,,,,,,,,,,,,,,,
